(2527 0
((0,0,0) (31,31,31) (0,0,0))
((32,0,0) (63,31,31) (0,0,0))
((64,0,0) (95,31,31) (0,0,0))
((96,0,0) (127,31,31) (0,0,0))
((128,0,0) (159,31,31) (0,0,0))
((160,0,0) (191,31,31) (0,0,0))
((192,0,0) (223,31,31) (0,0,0))
((224,0,0) (255,31,31) (0,0,0))
((256,0,0) (287,31,31) (0,0,0))
((288,0,0) (319,31,31) (0,0,0))
((320,0,0) (351,31,31) (0,0,0))
((352,0,0) (383,31,31) (0,0,0))
((384,0,0) (415,31,31) (0,0,0))
((416,0,0) (447,31,31) (0,0,0))
((448,0,0) (479,31,31) (0,0,0))
((480,0,0) (511,31,31) (0,0,0))
((512,0,0) (543,31,31) (0,0,0))
((544,0,0) (575,31,31) (0,0,0))
((576,0,0) (599,31,31) (0,0,0))
((0,32,0) (31,63,31) (0,0,0))
((32,32,0) (63,63,31) (0,0,0))
((64,32,0) (95,63,31) (0,0,0))
((96,32,0) (127,63,31) (0,0,0))
((128,32,0) (159,63,31) (0,0,0))
((160,32,0) (191,63,31) (0,0,0))
((192,32,0) (223,63,31) (0,0,0))
((224,32,0) (255,63,31) (0,0,0))
((256,32,0) (287,63,31) (0,0,0))
((288,32,0) (319,63,31) (0,0,0))
((320,32,0) (351,63,31) (0,0,0))
((352,32,0) (383,63,31) (0,0,0))
((384,32,0) (415,63,31) (0,0,0))
((416,32,0) (447,63,31) (0,0,0))
((448,32,0) (479,63,31) (0,0,0))
((480,32,0) (511,63,31) (0,0,0))
((512,32,0) (543,63,31) (0,0,0))
((544,32,0) (575,63,31) (0,0,0))
((576,32,0) (599,63,31) (0,0,0))
((0,64,0) (31,95,31) (0,0,0))
((32,64,0) (63,95,31) (0,0,0))
((64,64,0) (95,95,31) (0,0,0))
((96,64,0) (127,95,31) (0,0,0))
((128,64,0) (159,95,31) (0,0,0))
((160,64,0) (191,95,31) (0,0,0))
((192,64,0) (223,95,31) (0,0,0))
((224,64,0) (255,95,31) (0,0,0))
((256,64,0) (287,95,31) (0,0,0))
((288,64,0) (319,95,31) (0,0,0))
((320,64,0) (351,95,31) (0,0,0))
((352,64,0) (383,95,31) (0,0,0))
((384,64,0) (415,95,31) (0,0,0))
((416,64,0) (447,95,31) (0,0,0))
((448,64,0) (479,95,31) (0,0,0))
((480,64,0) (511,95,31) (0,0,0))
((512,64,0) (543,95,31) (0,0,0))
((544,64,0) (575,95,31) (0,0,0))
((576,64,0) (599,95,31) (0,0,0))
((0,96,0) (31,127,31) (0,0,0))
((32,96,0) (63,127,31) (0,0,0))
((64,96,0) (95,127,31) (0,0,0))
((96,96,0) (127,127,31) (0,0,0))
((128,96,0) (159,127,31) (0,0,0))
((160,96,0) (191,127,31) (0,0,0))
((192,96,0) (223,127,31) (0,0,0))
((224,96,0) (255,127,31) (0,0,0))
((256,96,0) (287,127,31) (0,0,0))
((288,96,0) (319,127,31) (0,0,0))
((320,96,0) (351,127,31) (0,0,0))
((352,96,0) (383,127,31) (0,0,0))
((384,96,0) (415,127,31) (0,0,0))
((416,96,0) (447,127,31) (0,0,0))
((448,96,0) (479,127,31) (0,0,0))
((480,96,0) (511,127,31) (0,0,0))
((512,96,0) (543,127,31) (0,0,0))
((544,96,0) (575,127,31) (0,0,0))
((576,96,0) (599,127,31) (0,0,0))
((0,128,0) (31,159,31) (0,0,0))
((32,128,0) (63,159,31) (0,0,0))
((64,128,0) (95,159,31) (0,0,0))
((96,128,0) (127,159,31) (0,0,0))
((128,128,0) (159,159,31) (0,0,0))
((160,128,0) (191,159,31) (0,0,0))
((192,128,0) (223,159,31) (0,0,0))
((224,128,0) (255,159,31) (0,0,0))
((256,128,0) (287,159,31) (0,0,0))
((288,128,0) (319,159,31) (0,0,0))
((320,128,0) (351,159,31) (0,0,0))
((352,128,0) (383,159,31) (0,0,0))
((384,128,0) (415,159,31) (0,0,0))
((416,128,0) (447,159,31) (0,0,0))
((448,128,0) (479,159,31) (0,0,0))
((480,128,0) (511,159,31) (0,0,0))
((512,128,0) (543,159,31) (0,0,0))
((544,128,0) (575,159,31) (0,0,0))
((576,128,0) (599,159,31) (0,0,0))
((0,160,0) (31,191,31) (0,0,0))
((32,160,0) (63,191,31) (0,0,0))
((64,160,0) (95,191,31) (0,0,0))
((96,160,0) (127,191,31) (0,0,0))
((128,160,0) (159,191,31) (0,0,0))
((160,160,0) (191,191,31) (0,0,0))
((192,160,0) (223,191,31) (0,0,0))
((224,160,0) (255,191,31) (0,0,0))
((256,160,0) (287,191,31) (0,0,0))
((288,160,0) (319,191,31) (0,0,0))
((320,160,0) (351,191,31) (0,0,0))
((352,160,0) (383,191,31) (0,0,0))
((384,160,0) (415,191,31) (0,0,0))
((416,160,0) (447,191,31) (0,0,0))
((448,160,0) (479,191,31) (0,0,0))
((480,160,0) (511,191,31) (0,0,0))
((512,160,0) (543,191,31) (0,0,0))
((544,160,0) (575,191,31) (0,0,0))
((576,160,0) (599,191,31) (0,0,0))
((0,192,0) (31,223,31) (0,0,0))
((32,192,0) (63,223,31) (0,0,0))
((64,192,0) (95,223,31) (0,0,0))
((96,192,0) (127,223,31) (0,0,0))
((128,192,0) (159,223,31) (0,0,0))
((160,192,0) (191,223,31) (0,0,0))
((192,192,0) (223,223,31) (0,0,0))
((224,192,0) (255,223,31) (0,0,0))
((256,192,0) (287,223,31) (0,0,0))
((288,192,0) (319,223,31) (0,0,0))
((320,192,0) (351,223,31) (0,0,0))
((352,192,0) (383,223,31) (0,0,0))
((384,192,0) (415,223,31) (0,0,0))
((416,192,0) (447,223,31) (0,0,0))
((448,192,0) (479,223,31) (0,0,0))
((480,192,0) (511,223,31) (0,0,0))
((512,192,0) (543,223,31) (0,0,0))
((544,192,0) (575,223,31) (0,0,0))
((576,192,0) (599,223,31) (0,0,0))
((0,224,0) (31,255,31) (0,0,0))
((32,224,0) (63,255,31) (0,0,0))
((64,224,0) (95,255,31) (0,0,0))
((96,224,0) (127,255,31) (0,0,0))
((128,224,0) (159,255,31) (0,0,0))
((160,224,0) (191,255,31) (0,0,0))
((192,224,0) (223,255,31) (0,0,0))
((224,224,0) (255,255,31) (0,0,0))
((256,224,0) (287,255,31) (0,0,0))
((288,224,0) (319,255,31) (0,0,0))
((320,224,0) (351,255,31) (0,0,0))
((352,224,0) (383,255,31) (0,0,0))
((384,224,0) (415,255,31) (0,0,0))
((416,224,0) (447,255,31) (0,0,0))
((448,224,0) (479,255,31) (0,0,0))
((480,224,0) (511,255,31) (0,0,0))
((512,224,0) (543,255,31) (0,0,0))
((544,224,0) (575,255,31) (0,0,0))
((576,224,0) (599,255,31) (0,0,0))
((0,256,0) (31,287,31) (0,0,0))
((32,256,0) (63,287,31) (0,0,0))
((64,256,0) (95,287,31) (0,0,0))
((96,256,0) (127,287,31) (0,0,0))
((128,256,0) (159,287,31) (0,0,0))
((160,256,0) (191,287,31) (0,0,0))
((192,256,0) (223,287,31) (0,0,0))
((224,256,0) (255,287,31) (0,0,0))
((256,256,0) (287,287,31) (0,0,0))
((288,256,0) (319,287,31) (0,0,0))
((320,256,0) (351,287,31) (0,0,0))
((352,256,0) (383,287,31) (0,0,0))
((384,256,0) (415,287,31) (0,0,0))
((416,256,0) (447,287,31) (0,0,0))
((448,256,0) (479,287,31) (0,0,0))
((480,256,0) (511,287,31) (0,0,0))
((512,256,0) (543,287,31) (0,0,0))
((544,256,0) (575,287,31) (0,0,0))
((576,256,0) (599,287,31) (0,0,0))
((0,288,0) (31,319,31) (0,0,0))
((32,288,0) (63,319,31) (0,0,0))
((64,288,0) (95,319,31) (0,0,0))
((96,288,0) (127,319,31) (0,0,0))
((128,288,0) (159,319,31) (0,0,0))
((160,288,0) (191,319,31) (0,0,0))
((192,288,0) (223,319,31) (0,0,0))
((224,288,0) (255,319,31) (0,0,0))
((256,288,0) (287,319,31) (0,0,0))
((288,288,0) (319,319,31) (0,0,0))
((320,288,0) (351,319,31) (0,0,0))
((352,288,0) (383,319,31) (0,0,0))
((384,288,0) (415,319,31) (0,0,0))
((416,288,0) (447,319,31) (0,0,0))
((448,288,0) (479,319,31) (0,0,0))
((480,288,0) (511,319,31) (0,0,0))
((512,288,0) (543,319,31) (0,0,0))
((544,288,0) (575,319,31) (0,0,0))
((576,288,0) (599,319,31) (0,0,0))
((0,320,0) (31,351,31) (0,0,0))
((32,320,0) (63,351,31) (0,0,0))
((64,320,0) (95,351,31) (0,0,0))
((96,320,0) (127,351,31) (0,0,0))
((128,320,0) (159,351,31) (0,0,0))
((160,320,0) (191,351,31) (0,0,0))
((192,320,0) (223,351,31) (0,0,0))
((224,320,0) (255,351,31) (0,0,0))
((256,320,0) (287,351,31) (0,0,0))
((288,320,0) (319,351,31) (0,0,0))
((320,320,0) (351,351,31) (0,0,0))
((352,320,0) (383,351,31) (0,0,0))
((384,320,0) (415,351,31) (0,0,0))
((416,320,0) (447,351,31) (0,0,0))
((448,320,0) (479,351,31) (0,0,0))
((480,320,0) (511,351,31) (0,0,0))
((512,320,0) (543,351,31) (0,0,0))
((544,320,0) (575,351,31) (0,0,0))
((576,320,0) (599,351,31) (0,0,0))
((0,352,0) (31,383,31) (0,0,0))
((32,352,0) (63,383,31) (0,0,0))
((64,352,0) (95,383,31) (0,0,0))
((96,352,0) (127,383,31) (0,0,0))
((128,352,0) (159,383,31) (0,0,0))
((160,352,0) (191,383,31) (0,0,0))
((192,352,0) (223,383,31) (0,0,0))
((224,352,0) (255,383,31) (0,0,0))
((256,352,0) (287,383,31) (0,0,0))
((288,352,0) (319,383,31) (0,0,0))
((320,352,0) (351,383,31) (0,0,0))
((352,352,0) (383,383,31) (0,0,0))
((384,352,0) (415,383,31) (0,0,0))
((416,352,0) (447,383,31) (0,0,0))
((448,352,0) (479,383,31) (0,0,0))
((480,352,0) (511,383,31) (0,0,0))
((512,352,0) (543,383,31) (0,0,0))
((544,352,0) (575,383,31) (0,0,0))
((576,352,0) (599,383,31) (0,0,0))
((0,384,0) (31,415,31) (0,0,0))
((32,384,0) (63,415,31) (0,0,0))
((64,384,0) (95,415,31) (0,0,0))
((96,384,0) (127,415,31) (0,0,0))
((128,384,0) (159,415,31) (0,0,0))
((160,384,0) (191,415,31) (0,0,0))
((192,384,0) (223,415,31) (0,0,0))
((224,384,0) (255,415,31) (0,0,0))
((256,384,0) (287,415,31) (0,0,0))
((288,384,0) (319,415,31) (0,0,0))
((320,384,0) (351,415,31) (0,0,0))
((352,384,0) (383,415,31) (0,0,0))
((384,384,0) (415,415,31) (0,0,0))
((416,384,0) (447,415,31) (0,0,0))
((448,384,0) (479,415,31) (0,0,0))
((480,384,0) (511,415,31) (0,0,0))
((512,384,0) (543,415,31) (0,0,0))
((544,384,0) (575,415,31) (0,0,0))
((576,384,0) (599,415,31) (0,0,0))
((0,416,0) (31,447,31) (0,0,0))
((32,416,0) (63,447,31) (0,0,0))
((64,416,0) (95,447,31) (0,0,0))
((96,416,0) (127,447,31) (0,0,0))
((128,416,0) (159,447,31) (0,0,0))
((160,416,0) (191,447,31) (0,0,0))
((192,416,0) (223,447,31) (0,0,0))
((224,416,0) (255,447,31) (0,0,0))
((256,416,0) (287,447,31) (0,0,0))
((288,416,0) (319,447,31) (0,0,0))
((320,416,0) (351,447,31) (0,0,0))
((352,416,0) (383,447,31) (0,0,0))
((384,416,0) (415,447,31) (0,0,0))
((416,416,0) (447,447,31) (0,0,0))
((448,416,0) (479,447,31) (0,0,0))
((480,416,0) (511,447,31) (0,0,0))
((512,416,0) (543,447,31) (0,0,0))
((544,416,0) (575,447,31) (0,0,0))
((576,416,0) (599,447,31) (0,0,0))
((0,448,0) (31,479,31) (0,0,0))
((32,448,0) (63,479,31) (0,0,0))
((64,448,0) (95,479,31) (0,0,0))
((96,448,0) (127,479,31) (0,0,0))
((128,448,0) (159,479,31) (0,0,0))
((160,448,0) (191,479,31) (0,0,0))
((192,448,0) (223,479,31) (0,0,0))
((224,448,0) (255,479,31) (0,0,0))
((256,448,0) (287,479,31) (0,0,0))
((288,448,0) (319,479,31) (0,0,0))
((320,448,0) (351,479,31) (0,0,0))
((352,448,0) (383,479,31) (0,0,0))
((384,448,0) (415,479,31) (0,0,0))
((416,448,0) (447,479,31) (0,0,0))
((448,448,0) (479,479,31) (0,0,0))
((480,448,0) (511,479,31) (0,0,0))
((512,448,0) (543,479,31) (0,0,0))
((544,448,0) (575,479,31) (0,0,0))
((576,448,0) (599,479,31) (0,0,0))
((0,480,0) (31,511,31) (0,0,0))
((32,480,0) (63,511,31) (0,0,0))
((64,480,0) (95,511,31) (0,0,0))
((96,480,0) (127,511,31) (0,0,0))
((128,480,0) (159,511,31) (0,0,0))
((160,480,0) (191,511,31) (0,0,0))
((192,480,0) (223,511,31) (0,0,0))
((224,480,0) (255,511,31) (0,0,0))
((256,480,0) (287,511,31) (0,0,0))
((288,480,0) (319,511,31) (0,0,0))
((320,480,0) (351,511,31) (0,0,0))
((352,480,0) (383,511,31) (0,0,0))
((384,480,0) (415,511,31) (0,0,0))
((416,480,0) (447,511,31) (0,0,0))
((448,480,0) (479,511,31) (0,0,0))
((480,480,0) (511,511,31) (0,0,0))
((512,480,0) (543,511,31) (0,0,0))
((544,480,0) (575,511,31) (0,0,0))
((576,480,0) (599,511,31) (0,0,0))
((0,512,0) (31,543,31) (0,0,0))
((32,512,0) (63,543,31) (0,0,0))
((64,512,0) (95,543,31) (0,0,0))
((96,512,0) (127,543,31) (0,0,0))
((128,512,0) (159,543,31) (0,0,0))
((160,512,0) (191,543,31) (0,0,0))
((192,512,0) (223,543,31) (0,0,0))
((224,512,0) (255,543,31) (0,0,0))
((256,512,0) (287,543,31) (0,0,0))
((288,512,0) (319,543,31) (0,0,0))
((320,512,0) (351,543,31) (0,0,0))
((352,512,0) (383,543,31) (0,0,0))
((384,512,0) (415,543,31) (0,0,0))
((416,512,0) (447,543,31) (0,0,0))
((448,512,0) (479,543,31) (0,0,0))
((480,512,0) (511,543,31) (0,0,0))
((512,512,0) (543,543,31) (0,0,0))
((544,512,0) (575,543,31) (0,0,0))
((576,512,0) (599,543,31) (0,0,0))
((0,544,0) (31,575,31) (0,0,0))
((32,544,0) (63,575,31) (0,0,0))
((64,544,0) (95,575,31) (0,0,0))
((96,544,0) (127,575,31) (0,0,0))
((128,544,0) (159,575,31) (0,0,0))
((160,544,0) (191,575,31) (0,0,0))
((192,544,0) (223,575,31) (0,0,0))
((224,544,0) (255,575,31) (0,0,0))
((256,544,0) (287,575,31) (0,0,0))
((288,544,0) (319,575,31) (0,0,0))
((320,544,0) (351,575,31) (0,0,0))
((352,544,0) (383,575,31) (0,0,0))
((384,544,0) (415,575,31) (0,0,0))
((416,544,0) (447,575,31) (0,0,0))
((448,544,0) (479,575,31) (0,0,0))
((480,544,0) (511,575,31) (0,0,0))
((512,544,0) (543,575,31) (0,0,0))
((544,544,0) (575,575,31) (0,0,0))
((576,544,0) (599,575,31) (0,0,0))
((0,576,0) (31,599,31) (0,0,0))
((32,576,0) (63,599,31) (0,0,0))
((64,576,0) (95,599,31) (0,0,0))
((96,576,0) (127,599,31) (0,0,0))
((128,576,0) (159,599,31) (0,0,0))
((160,576,0) (191,599,31) (0,0,0))
((192,576,0) (223,599,31) (0,0,0))
((224,576,0) (255,599,31) (0,0,0))
((256,576,0) (287,599,31) (0,0,0))
((288,576,0) (319,599,31) (0,0,0))
((320,576,0) (351,599,31) (0,0,0))
((352,576,0) (383,599,31) (0,0,0))
((384,576,0) (415,599,31) (0,0,0))
((416,576,0) (447,599,31) (0,0,0))
((448,576,0) (479,599,31) (0,0,0))
((480,576,0) (511,599,31) (0,0,0))
((512,576,0) (543,599,31) (0,0,0))
((544,576,0) (575,599,31) (0,0,0))
((576,576,0) (599,599,31) (0,0,0))
((0,0,32) (31,31,63) (0,0,0))
((32,0,32) (63,31,63) (0,0,0))
((64,0,32) (95,31,63) (0,0,0))
((96,0,32) (127,31,63) (0,0,0))
((128,0,32) (159,31,63) (0,0,0))
((160,0,32) (191,31,63) (0,0,0))
((192,0,32) (223,31,63) (0,0,0))
((224,0,32) (255,31,63) (0,0,0))
((256,0,32) (287,31,63) (0,0,0))
((288,0,32) (319,31,63) (0,0,0))
((320,0,32) (351,31,63) (0,0,0))
((352,0,32) (383,31,63) (0,0,0))
((384,0,32) (415,31,63) (0,0,0))
((416,0,32) (447,31,63) (0,0,0))
((448,0,32) (479,31,63) (0,0,0))
((480,0,32) (511,31,63) (0,0,0))
((512,0,32) (543,31,63) (0,0,0))
((544,0,32) (575,31,63) (0,0,0))
((576,0,32) (599,31,63) (0,0,0))
((0,32,32) (31,63,63) (0,0,0))
((32,32,32) (63,63,63) (0,0,0))
((64,32,32) (95,63,63) (0,0,0))
((96,32,32) (127,63,63) (0,0,0))
((128,32,32) (159,63,63) (0,0,0))
((160,32,32) (191,63,63) (0,0,0))
((192,32,32) (223,63,63) (0,0,0))
((224,32,32) (255,63,63) (0,0,0))
((256,32,32) (287,63,63) (0,0,0))
((288,32,32) (319,63,63) (0,0,0))
((320,32,32) (351,63,63) (0,0,0))
((352,32,32) (383,63,63) (0,0,0))
((384,32,32) (415,63,63) (0,0,0))
((416,32,32) (447,63,63) (0,0,0))
((448,32,32) (479,63,63) (0,0,0))
((480,32,32) (511,63,63) (0,0,0))
((512,32,32) (543,63,63) (0,0,0))
((544,32,32) (575,63,63) (0,0,0))
((576,32,32) (599,63,63) (0,0,0))
((0,64,32) (31,95,63) (0,0,0))
((32,64,32) (63,95,63) (0,0,0))
((64,64,32) (95,95,63) (0,0,0))
((96,64,32) (127,95,63) (0,0,0))
((128,64,32) (159,95,63) (0,0,0))
((160,64,32) (191,95,63) (0,0,0))
((192,64,32) (223,95,63) (0,0,0))
((224,64,32) (255,95,63) (0,0,0))
((256,64,32) (287,95,63) (0,0,0))
((288,64,32) (319,95,63) (0,0,0))
((320,64,32) (351,95,63) (0,0,0))
((352,64,32) (383,95,63) (0,0,0))
((384,64,32) (415,95,63) (0,0,0))
((416,64,32) (447,95,63) (0,0,0))
((448,64,32) (479,95,63) (0,0,0))
((480,64,32) (511,95,63) (0,0,0))
((512,64,32) (543,95,63) (0,0,0))
((544,64,32) (575,95,63) (0,0,0))
((576,64,32) (599,95,63) (0,0,0))
((0,96,32) (31,127,63) (0,0,0))
((32,96,32) (63,127,63) (0,0,0))
((64,96,32) (95,127,63) (0,0,0))
((96,96,32) (127,127,63) (0,0,0))
((128,96,32) (159,127,63) (0,0,0))
((160,96,32) (191,127,63) (0,0,0))
((192,96,32) (223,127,63) (0,0,0))
((224,96,32) (255,127,63) (0,0,0))
((256,96,32) (287,127,63) (0,0,0))
((288,96,32) (319,127,63) (0,0,0))
((320,96,32) (351,127,63) (0,0,0))
((352,96,32) (383,127,63) (0,0,0))
((384,96,32) (415,127,63) (0,0,0))
((416,96,32) (447,127,63) (0,0,0))
((448,96,32) (479,127,63) (0,0,0))
((480,96,32) (511,127,63) (0,0,0))
((512,96,32) (543,127,63) (0,0,0))
((544,96,32) (575,127,63) (0,0,0))
((576,96,32) (599,127,63) (0,0,0))
((0,128,32) (31,159,63) (0,0,0))
((32,128,32) (63,159,63) (0,0,0))
((64,128,32) (95,159,63) (0,0,0))
((96,128,32) (127,159,63) (0,0,0))
((128,128,32) (159,159,63) (0,0,0))
((160,128,32) (191,159,63) (0,0,0))
((192,128,32) (223,159,63) (0,0,0))
((224,128,32) (255,159,63) (0,0,0))
((256,128,32) (287,159,63) (0,0,0))
((288,128,32) (319,159,63) (0,0,0))
((320,128,32) (351,159,63) (0,0,0))
((352,128,32) (383,159,63) (0,0,0))
((384,128,32) (415,159,63) (0,0,0))
((416,128,32) (447,159,63) (0,0,0))
((448,128,32) (479,159,63) (0,0,0))
((480,128,32) (511,159,63) (0,0,0))
((512,128,32) (543,159,63) (0,0,0))
((544,128,32) (575,159,63) (0,0,0))
((576,128,32) (599,159,63) (0,0,0))
((0,160,32) (31,191,63) (0,0,0))
((32,160,32) (63,191,63) (0,0,0))
((64,160,32) (95,191,63) (0,0,0))
((96,160,32) (127,191,63) (0,0,0))
((128,160,32) (159,191,63) (0,0,0))
((160,160,32) (191,191,63) (0,0,0))
((192,160,32) (223,191,63) (0,0,0))
((224,160,32) (255,191,63) (0,0,0))
((256,160,32) (287,191,63) (0,0,0))
((288,160,32) (319,191,63) (0,0,0))
((320,160,32) (351,191,63) (0,0,0))
((352,160,32) (383,191,63) (0,0,0))
((384,160,32) (415,191,63) (0,0,0))
((416,160,32) (447,191,63) (0,0,0))
((448,160,32) (479,191,63) (0,0,0))
((480,160,32) (511,191,63) (0,0,0))
((512,160,32) (543,191,63) (0,0,0))
((544,160,32) (575,191,63) (0,0,0))
((576,160,32) (599,191,63) (0,0,0))
((0,192,32) (31,223,63) (0,0,0))
((32,192,32) (63,223,63) (0,0,0))
((64,192,32) (95,223,63) (0,0,0))
((96,192,32) (127,223,63) (0,0,0))
((128,192,32) (159,223,63) (0,0,0))
((160,192,32) (191,223,63) (0,0,0))
((192,192,32) (223,223,63) (0,0,0))
((224,192,32) (255,223,63) (0,0,0))
((256,192,32) (287,223,63) (0,0,0))
((288,192,32) (319,223,63) (0,0,0))
((320,192,32) (351,223,63) (0,0,0))
((352,192,32) (383,223,63) (0,0,0))
((384,192,32) (415,223,63) (0,0,0))
((416,192,32) (447,223,63) (0,0,0))
((448,192,32) (479,223,63) (0,0,0))
((480,192,32) (511,223,63) (0,0,0))
((512,192,32) (543,223,63) (0,0,0))
((544,192,32) (575,223,63) (0,0,0))
((576,192,32) (599,223,63) (0,0,0))
((0,224,32) (31,255,63) (0,0,0))
((32,224,32) (63,255,63) (0,0,0))
((64,224,32) (95,255,63) (0,0,0))
((96,224,32) (127,255,63) (0,0,0))
((128,224,32) (159,255,63) (0,0,0))
((160,224,32) (191,255,63) (0,0,0))
((192,224,32) (223,255,63) (0,0,0))
((224,224,32) (255,255,63) (0,0,0))
((256,224,32) (287,255,63) (0,0,0))
((288,224,32) (319,255,63) (0,0,0))
((320,224,32) (351,255,63) (0,0,0))
((352,224,32) (383,255,63) (0,0,0))
((384,224,32) (415,255,63) (0,0,0))
((416,224,32) (447,255,63) (0,0,0))
((448,224,32) (479,255,63) (0,0,0))
((480,224,32) (511,255,63) (0,0,0))
((512,224,32) (543,255,63) (0,0,0))
((544,224,32) (575,255,63) (0,0,0))
((576,224,32) (599,255,63) (0,0,0))
((0,256,32) (31,287,63) (0,0,0))
((32,256,32) (63,287,63) (0,0,0))
((64,256,32) (95,287,63) (0,0,0))
((96,256,32) (127,287,63) (0,0,0))
((128,256,32) (159,287,63) (0,0,0))
((160,256,32) (191,287,63) (0,0,0))
((192,256,32) (223,287,63) (0,0,0))
((224,256,32) (255,287,63) (0,0,0))
((256,256,32) (287,287,63) (0,0,0))
((288,256,32) (319,287,63) (0,0,0))
((320,256,32) (351,287,63) (0,0,0))
((352,256,32) (383,287,63) (0,0,0))
((384,256,32) (415,287,63) (0,0,0))
((416,256,32) (447,287,63) (0,0,0))
((448,256,32) (479,287,63) (0,0,0))
((480,256,32) (511,287,63) (0,0,0))
((512,256,32) (543,287,63) (0,0,0))
((544,256,32) (575,287,63) (0,0,0))
((576,256,32) (599,287,63) (0,0,0))
((0,288,32) (31,319,63) (0,0,0))
((32,288,32) (63,319,63) (0,0,0))
((64,288,32) (95,319,63) (0,0,0))
((96,288,32) (127,319,63) (0,0,0))
((128,288,32) (159,319,63) (0,0,0))
((160,288,32) (191,319,63) (0,0,0))
((192,288,32) (223,319,63) (0,0,0))
((224,288,32) (255,319,63) (0,0,0))
((256,288,32) (287,319,63) (0,0,0))
((288,288,32) (319,319,63) (0,0,0))
((320,288,32) (351,319,63) (0,0,0))
((352,288,32) (383,319,63) (0,0,0))
((384,288,32) (415,319,63) (0,0,0))
((416,288,32) (447,319,63) (0,0,0))
((448,288,32) (479,319,63) (0,0,0))
((480,288,32) (511,319,63) (0,0,0))
((512,288,32) (543,319,63) (0,0,0))
((544,288,32) (575,319,63) (0,0,0))
((576,288,32) (599,319,63) (0,0,0))
((0,320,32) (31,351,63) (0,0,0))
((32,320,32) (63,351,63) (0,0,0))
((64,320,32) (95,351,63) (0,0,0))
((96,320,32) (127,351,63) (0,0,0))
((128,320,32) (159,351,63) (0,0,0))
((160,320,32) (191,351,63) (0,0,0))
((192,320,32) (223,351,63) (0,0,0))
((224,320,32) (255,351,63) (0,0,0))
((256,320,32) (287,351,63) (0,0,0))
((288,320,32) (319,351,63) (0,0,0))
((320,320,32) (351,351,63) (0,0,0))
((352,320,32) (383,351,63) (0,0,0))
((384,320,32) (415,351,63) (0,0,0))
((416,320,32) (447,351,63) (0,0,0))
((448,320,32) (479,351,63) (0,0,0))
((480,320,32) (511,351,63) (0,0,0))
((512,320,32) (543,351,63) (0,0,0))
((544,320,32) (575,351,63) (0,0,0))
((576,320,32) (599,351,63) (0,0,0))
((0,352,32) (31,383,63) (0,0,0))
((32,352,32) (63,383,63) (0,0,0))
((64,352,32) (95,383,63) (0,0,0))
((96,352,32) (127,383,63) (0,0,0))
((128,352,32) (159,383,63) (0,0,0))
((160,352,32) (191,383,63) (0,0,0))
((192,352,32) (223,383,63) (0,0,0))
((224,352,32) (255,383,63) (0,0,0))
((256,352,32) (287,383,63) (0,0,0))
((288,352,32) (319,383,63) (0,0,0))
((320,352,32) (351,383,63) (0,0,0))
((352,352,32) (383,383,63) (0,0,0))
((384,352,32) (415,383,63) (0,0,0))
((416,352,32) (447,383,63) (0,0,0))
((448,352,32) (479,383,63) (0,0,0))
((480,352,32) (511,383,63) (0,0,0))
((512,352,32) (543,383,63) (0,0,0))
((544,352,32) (575,383,63) (0,0,0))
((576,352,32) (599,383,63) (0,0,0))
((0,384,32) (31,415,63) (0,0,0))
((32,384,32) (63,415,63) (0,0,0))
((64,384,32) (95,415,63) (0,0,0))
((96,384,32) (127,415,63) (0,0,0))
((128,384,32) (159,415,63) (0,0,0))
((160,384,32) (191,415,63) (0,0,0))
((192,384,32) (223,415,63) (0,0,0))
((224,384,32) (255,415,63) (0,0,0))
((256,384,32) (287,415,63) (0,0,0))
((288,384,32) (319,415,63) (0,0,0))
((320,384,32) (351,415,63) (0,0,0))
((352,384,32) (383,415,63) (0,0,0))
((384,384,32) (415,415,63) (0,0,0))
((416,384,32) (447,415,63) (0,0,0))
((448,384,32) (479,415,63) (0,0,0))
((480,384,32) (511,415,63) (0,0,0))
((512,384,32) (543,415,63) (0,0,0))
((544,384,32) (575,415,63) (0,0,0))
((576,384,32) (599,415,63) (0,0,0))
((0,416,32) (31,447,63) (0,0,0))
((32,416,32) (63,447,63) (0,0,0))
((64,416,32) (95,447,63) (0,0,0))
((96,416,32) (127,447,63) (0,0,0))
((128,416,32) (159,447,63) (0,0,0))
((160,416,32) (191,447,63) (0,0,0))
((192,416,32) (223,447,63) (0,0,0))
((224,416,32) (255,447,63) (0,0,0))
((256,416,32) (287,447,63) (0,0,0))
((288,416,32) (319,447,63) (0,0,0))
((320,416,32) (351,447,63) (0,0,0))
((352,416,32) (383,447,63) (0,0,0))
((384,416,32) (415,447,63) (0,0,0))
((416,416,32) (447,447,63) (0,0,0))
((448,416,32) (479,447,63) (0,0,0))
((480,416,32) (511,447,63) (0,0,0))
((512,416,32) (543,447,63) (0,0,0))
((544,416,32) (575,447,63) (0,0,0))
((576,416,32) (599,447,63) (0,0,0))
((0,448,32) (31,479,63) (0,0,0))
((32,448,32) (63,479,63) (0,0,0))
((64,448,32) (95,479,63) (0,0,0))
((96,448,32) (127,479,63) (0,0,0))
((128,448,32) (159,479,63) (0,0,0))
((160,448,32) (191,479,63) (0,0,0))
((192,448,32) (223,479,63) (0,0,0))
((224,448,32) (255,479,63) (0,0,0))
((256,448,32) (287,479,63) (0,0,0))
((288,448,32) (319,479,63) (0,0,0))
((320,448,32) (351,479,63) (0,0,0))
((352,448,32) (383,479,63) (0,0,0))
((384,448,32) (415,479,63) (0,0,0))
((416,448,32) (447,479,63) (0,0,0))
((448,448,32) (479,479,63) (0,0,0))
((480,448,32) (511,479,63) (0,0,0))
((512,448,32) (543,479,63) (0,0,0))
((544,448,32) (575,479,63) (0,0,0))
((576,448,32) (599,479,63) (0,0,0))
((0,480,32) (31,511,63) (0,0,0))
((32,480,32) (63,511,63) (0,0,0))
((64,480,32) (95,511,63) (0,0,0))
((96,480,32) (127,511,63) (0,0,0))
((128,480,32) (159,511,63) (0,0,0))
((160,480,32) (191,511,63) (0,0,0))
((192,480,32) (223,511,63) (0,0,0))
((224,480,32) (255,511,63) (0,0,0))
((256,480,32) (287,511,63) (0,0,0))
((288,480,32) (319,511,63) (0,0,0))
((320,480,32) (351,511,63) (0,0,0))
((352,480,32) (383,511,63) (0,0,0))
((384,480,32) (415,511,63) (0,0,0))
((416,480,32) (447,511,63) (0,0,0))
((448,480,32) (479,511,63) (0,0,0))
((480,480,32) (511,511,63) (0,0,0))
((512,480,32) (543,511,63) (0,0,0))
((544,480,32) (575,511,63) (0,0,0))
((576,480,32) (599,511,63) (0,0,0))
((0,512,32) (31,543,63) (0,0,0))
((32,512,32) (63,543,63) (0,0,0))
((64,512,32) (95,543,63) (0,0,0))
((96,512,32) (127,543,63) (0,0,0))
((128,512,32) (159,543,63) (0,0,0))
((160,512,32) (191,543,63) (0,0,0))
((192,512,32) (223,543,63) (0,0,0))
((224,512,32) (255,543,63) (0,0,0))
((256,512,32) (287,543,63) (0,0,0))
((288,512,32) (319,543,63) (0,0,0))
((320,512,32) (351,543,63) (0,0,0))
((352,512,32) (383,543,63) (0,0,0))
((384,512,32) (415,543,63) (0,0,0))
((416,512,32) (447,543,63) (0,0,0))
((448,512,32) (479,543,63) (0,0,0))
((480,512,32) (511,543,63) (0,0,0))
((512,512,32) (543,543,63) (0,0,0))
((544,512,32) (575,543,63) (0,0,0))
((576,512,32) (599,543,63) (0,0,0))
((0,544,32) (31,575,63) (0,0,0))
((32,544,32) (63,575,63) (0,0,0))
((64,544,32) (95,575,63) (0,0,0))
((96,544,32) (127,575,63) (0,0,0))
((128,544,32) (159,575,63) (0,0,0))
((160,544,32) (191,575,63) (0,0,0))
((192,544,32) (223,575,63) (0,0,0))
((224,544,32) (255,575,63) (0,0,0))
((256,544,32) (287,575,63) (0,0,0))
((288,544,32) (319,575,63) (0,0,0))
((320,544,32) (351,575,63) (0,0,0))
((352,544,32) (383,575,63) (0,0,0))
((384,544,32) (415,575,63) (0,0,0))
((416,544,32) (447,575,63) (0,0,0))
((448,544,32) (479,575,63) (0,0,0))
((480,544,32) (511,575,63) (0,0,0))
((512,544,32) (543,575,63) (0,0,0))
((544,544,32) (575,575,63) (0,0,0))
((576,544,32) (599,575,63) (0,0,0))
((0,576,32) (31,599,63) (0,0,0))
((32,576,32) (63,599,63) (0,0,0))
((64,576,32) (95,599,63) (0,0,0))
((96,576,32) (127,599,63) (0,0,0))
((128,576,32) (159,599,63) (0,0,0))
((160,576,32) (191,599,63) (0,0,0))
((192,576,32) (223,599,63) (0,0,0))
((224,576,32) (255,599,63) (0,0,0))
((256,576,32) (287,599,63) (0,0,0))
((288,576,32) (319,599,63) (0,0,0))
((320,576,32) (351,599,63) (0,0,0))
((352,576,32) (383,599,63) (0,0,0))
((384,576,32) (415,599,63) (0,0,0))
((416,576,32) (447,599,63) (0,0,0))
((448,576,32) (479,599,63) (0,0,0))
((480,576,32) (511,599,63) (0,0,0))
((512,576,32) (543,599,63) (0,0,0))
((544,576,32) (575,599,63) (0,0,0))
((576,576,32) (599,599,63) (0,0,0))
((0,0,64) (31,31,95) (0,0,0))
((32,0,64) (63,31,95) (0,0,0))
((64,0,64) (95,31,95) (0,0,0))
((96,0,64) (127,31,95) (0,0,0))
((128,0,64) (159,31,95) (0,0,0))
((160,0,64) (191,31,95) (0,0,0))
((192,0,64) (223,31,95) (0,0,0))
((224,0,64) (255,31,95) (0,0,0))
((256,0,64) (287,31,95) (0,0,0))
((288,0,64) (319,31,95) (0,0,0))
((320,0,64) (351,31,95) (0,0,0))
((352,0,64) (383,31,95) (0,0,0))
((384,0,64) (415,31,95) (0,0,0))
((416,0,64) (447,31,95) (0,0,0))
((448,0,64) (479,31,95) (0,0,0))
((480,0,64) (511,31,95) (0,0,0))
((512,0,64) (543,31,95) (0,0,0))
((544,0,64) (575,31,95) (0,0,0))
((576,0,64) (599,31,95) (0,0,0))
((0,32,64) (31,63,95) (0,0,0))
((32,32,64) (63,63,95) (0,0,0))
((64,32,64) (95,63,95) (0,0,0))
((96,32,64) (127,63,95) (0,0,0))
((128,32,64) (159,63,95) (0,0,0))
((160,32,64) (191,63,95) (0,0,0))
((192,32,64) (223,63,95) (0,0,0))
((224,32,64) (255,63,95) (0,0,0))
((256,32,64) (287,63,95) (0,0,0))
((288,32,64) (319,63,95) (0,0,0))
((320,32,64) (351,63,95) (0,0,0))
((352,32,64) (383,63,95) (0,0,0))
((384,32,64) (415,63,95) (0,0,0))
((416,32,64) (447,63,95) (0,0,0))
((448,32,64) (479,63,95) (0,0,0))
((480,32,64) (511,63,95) (0,0,0))
((512,32,64) (543,63,95) (0,0,0))
((544,32,64) (575,63,95) (0,0,0))
((576,32,64) (599,63,95) (0,0,0))
((0,64,64) (31,95,95) (0,0,0))
((32,64,64) (63,95,95) (0,0,0))
((64,64,64) (95,95,95) (0,0,0))
((96,64,64) (127,95,95) (0,0,0))
((128,64,64) (159,95,95) (0,0,0))
((160,64,64) (191,95,95) (0,0,0))
((192,64,64) (223,95,95) (0,0,0))
((224,64,64) (255,95,95) (0,0,0))
((256,64,64) (287,95,95) (0,0,0))
((288,64,64) (319,95,95) (0,0,0))
((320,64,64) (351,95,95) (0,0,0))
((352,64,64) (383,95,95) (0,0,0))
((384,64,64) (415,95,95) (0,0,0))
((416,64,64) (447,95,95) (0,0,0))
((448,64,64) (479,95,95) (0,0,0))
((480,64,64) (511,95,95) (0,0,0))
((512,64,64) (543,95,95) (0,0,0))
((544,64,64) (575,95,95) (0,0,0))
((576,64,64) (599,95,95) (0,0,0))
((0,96,64) (31,127,95) (0,0,0))
((32,96,64) (63,127,95) (0,0,0))
((64,96,64) (95,127,95) (0,0,0))
((96,96,64) (127,127,95) (0,0,0))
((128,96,64) (159,127,95) (0,0,0))
((160,96,64) (191,127,95) (0,0,0))
((192,96,64) (223,127,95) (0,0,0))
((224,96,64) (255,127,95) (0,0,0))
((256,96,64) (287,127,95) (0,0,0))
((288,96,64) (319,127,95) (0,0,0))
((320,96,64) (351,127,95) (0,0,0))
((352,96,64) (383,127,95) (0,0,0))
((384,96,64) (415,127,95) (0,0,0))
((416,96,64) (447,127,95) (0,0,0))
((448,96,64) (479,127,95) (0,0,0))
((480,96,64) (511,127,95) (0,0,0))
((512,96,64) (543,127,95) (0,0,0))
((544,96,64) (575,127,95) (0,0,0))
((576,96,64) (599,127,95) (0,0,0))
((0,128,64) (31,159,95) (0,0,0))
((32,128,64) (63,159,95) (0,0,0))
((64,128,64) (95,159,95) (0,0,0))
((96,128,64) (127,159,95) (0,0,0))
((128,128,64) (159,159,95) (0,0,0))
((160,128,64) (191,159,95) (0,0,0))
((192,128,64) (223,159,95) (0,0,0))
((224,128,64) (255,159,95) (0,0,0))
((256,128,64) (287,159,95) (0,0,0))
((288,128,64) (319,159,95) (0,0,0))
((320,128,64) (351,159,95) (0,0,0))
((352,128,64) (383,159,95) (0,0,0))
((384,128,64) (415,159,95) (0,0,0))
((416,128,64) (447,159,95) (0,0,0))
((448,128,64) (479,159,95) (0,0,0))
((480,128,64) (511,159,95) (0,0,0))
((512,128,64) (543,159,95) (0,0,0))
((544,128,64) (575,159,95) (0,0,0))
((576,128,64) (599,159,95) (0,0,0))
((0,160,64) (31,191,95) (0,0,0))
((32,160,64) (63,191,95) (0,0,0))
((64,160,64) (95,191,95) (0,0,0))
((96,160,64) (127,191,95) (0,0,0))
((128,160,64) (159,191,95) (0,0,0))
((160,160,64) (191,191,95) (0,0,0))
((192,160,64) (223,191,95) (0,0,0))
((224,160,64) (255,191,95) (0,0,0))
((256,160,64) (287,191,95) (0,0,0))
((288,160,64) (319,191,95) (0,0,0))
((320,160,64) (351,191,95) (0,0,0))
((352,160,64) (383,191,95) (0,0,0))
((384,160,64) (415,191,95) (0,0,0))
((416,160,64) (447,191,95) (0,0,0))
((448,160,64) (479,191,95) (0,0,0))
((480,160,64) (511,191,95) (0,0,0))
((512,160,64) (543,191,95) (0,0,0))
((544,160,64) (575,191,95) (0,0,0))
((576,160,64) (599,191,95) (0,0,0))
((0,192,64) (31,223,95) (0,0,0))
((32,192,64) (63,223,95) (0,0,0))
((64,192,64) (95,223,95) (0,0,0))
((96,192,64) (127,223,95) (0,0,0))
((128,192,64) (159,223,95) (0,0,0))
((160,192,64) (191,223,95) (0,0,0))
((192,192,64) (223,223,95) (0,0,0))
((224,192,64) (255,223,95) (0,0,0))
((256,192,64) (287,223,95) (0,0,0))
((288,192,64) (319,223,95) (0,0,0))
((320,192,64) (351,223,95) (0,0,0))
((352,192,64) (383,223,95) (0,0,0))
((384,192,64) (415,223,95) (0,0,0))
((416,192,64) (447,223,95) (0,0,0))
((448,192,64) (479,223,95) (0,0,0))
((480,192,64) (511,223,95) (0,0,0))
((512,192,64) (543,223,95) (0,0,0))
((544,192,64) (575,223,95) (0,0,0))
((576,192,64) (599,223,95) (0,0,0))
((0,224,64) (31,255,95) (0,0,0))
((32,224,64) (63,255,95) (0,0,0))
((64,224,64) (95,255,95) (0,0,0))
((96,224,64) (127,255,95) (0,0,0))
((128,224,64) (159,255,95) (0,0,0))
((160,224,64) (191,255,95) (0,0,0))
((192,224,64) (223,255,95) (0,0,0))
((224,224,64) (255,255,95) (0,0,0))
((256,224,64) (287,255,95) (0,0,0))
((288,224,64) (319,255,95) (0,0,0))
((320,224,64) (351,255,95) (0,0,0))
((352,224,64) (383,255,95) (0,0,0))
((384,224,64) (415,255,95) (0,0,0))
((416,224,64) (447,255,95) (0,0,0))
((448,224,64) (479,255,95) (0,0,0))
((480,224,64) (511,255,95) (0,0,0))
((512,224,64) (543,255,95) (0,0,0))
((544,224,64) (575,255,95) (0,0,0))
((576,224,64) (599,255,95) (0,0,0))
((0,256,64) (31,287,95) (0,0,0))
((32,256,64) (63,287,95) (0,0,0))
((64,256,64) (95,287,95) (0,0,0))
((96,256,64) (127,287,95) (0,0,0))
((128,256,64) (159,287,95) (0,0,0))
((160,256,64) (191,287,95) (0,0,0))
((192,256,64) (223,287,95) (0,0,0))
((224,256,64) (255,287,95) (0,0,0))
((256,256,64) (287,287,95) (0,0,0))
((288,256,64) (319,287,95) (0,0,0))
((320,256,64) (351,287,95) (0,0,0))
((352,256,64) (383,287,95) (0,0,0))
((384,256,64) (415,287,95) (0,0,0))
((416,256,64) (447,287,95) (0,0,0))
((448,256,64) (479,287,95) (0,0,0))
((480,256,64) (511,287,95) (0,0,0))
((512,256,64) (543,287,95) (0,0,0))
((544,256,64) (575,287,95) (0,0,0))
((576,256,64) (599,287,95) (0,0,0))
((0,288,64) (31,319,95) (0,0,0))
((32,288,64) (63,319,95) (0,0,0))
((64,288,64) (95,319,95) (0,0,0))
((96,288,64) (127,319,95) (0,0,0))
((128,288,64) (159,319,95) (0,0,0))
((160,288,64) (191,319,95) (0,0,0))
((192,288,64) (223,319,95) (0,0,0))
((224,288,64) (255,319,95) (0,0,0))
((256,288,64) (287,319,95) (0,0,0))
((288,288,64) (319,319,95) (0,0,0))
((320,288,64) (351,319,95) (0,0,0))
((352,288,64) (383,319,95) (0,0,0))
((384,288,64) (415,319,95) (0,0,0))
((416,288,64) (447,319,95) (0,0,0))
((448,288,64) (479,319,95) (0,0,0))
((480,288,64) (511,319,95) (0,0,0))
((512,288,64) (543,319,95) (0,0,0))
((544,288,64) (575,319,95) (0,0,0))
((576,288,64) (599,319,95) (0,0,0))
((0,320,64) (31,351,95) (0,0,0))
((32,320,64) (63,351,95) (0,0,0))
((64,320,64) (95,351,95) (0,0,0))
((96,320,64) (127,351,95) (0,0,0))
((128,320,64) (159,351,95) (0,0,0))
((160,320,64) (191,351,95) (0,0,0))
((192,320,64) (223,351,95) (0,0,0))
((224,320,64) (255,351,95) (0,0,0))
((256,320,64) (287,351,95) (0,0,0))
((288,320,64) (319,351,95) (0,0,0))
((320,320,64) (351,351,95) (0,0,0))
((352,320,64) (383,351,95) (0,0,0))
((384,320,64) (415,351,95) (0,0,0))
((416,320,64) (447,351,95) (0,0,0))
((448,320,64) (479,351,95) (0,0,0))
((480,320,64) (511,351,95) (0,0,0))
((512,320,64) (543,351,95) (0,0,0))
((544,320,64) (575,351,95) (0,0,0))
((576,320,64) (599,351,95) (0,0,0))
((0,352,64) (31,383,95) (0,0,0))
((32,352,64) (63,383,95) (0,0,0))
((64,352,64) (95,383,95) (0,0,0))
((96,352,64) (127,383,95) (0,0,0))
((128,352,64) (159,383,95) (0,0,0))
((160,352,64) (191,383,95) (0,0,0))
((192,352,64) (223,383,95) (0,0,0))
((224,352,64) (255,383,95) (0,0,0))
((256,352,64) (287,383,95) (0,0,0))
((288,352,64) (319,383,95) (0,0,0))
((320,352,64) (351,383,95) (0,0,0))
((352,352,64) (383,383,95) (0,0,0))
((384,352,64) (415,383,95) (0,0,0))
((416,352,64) (447,383,95) (0,0,0))
((448,352,64) (479,383,95) (0,0,0))
((480,352,64) (511,383,95) (0,0,0))
((512,352,64) (543,383,95) (0,0,0))
((544,352,64) (575,383,95) (0,0,0))
((576,352,64) (599,383,95) (0,0,0))
((0,384,64) (31,415,95) (0,0,0))
((32,384,64) (63,415,95) (0,0,0))
((64,384,64) (95,415,95) (0,0,0))
((96,384,64) (127,415,95) (0,0,0))
((128,384,64) (159,415,95) (0,0,0))
((160,384,64) (191,415,95) (0,0,0))
((192,384,64) (223,415,95) (0,0,0))
((224,384,64) (255,415,95) (0,0,0))
((256,384,64) (287,415,95) (0,0,0))
((288,384,64) (319,415,95) (0,0,0))
((320,384,64) (351,415,95) (0,0,0))
((352,384,64) (383,415,95) (0,0,0))
((384,384,64) (415,415,95) (0,0,0))
((416,384,64) (447,415,95) (0,0,0))
((448,384,64) (479,415,95) (0,0,0))
((480,384,64) (511,415,95) (0,0,0))
((512,384,64) (543,415,95) (0,0,0))
((544,384,64) (575,415,95) (0,0,0))
((576,384,64) (599,415,95) (0,0,0))
((0,416,64) (31,447,95) (0,0,0))
((32,416,64) (63,447,95) (0,0,0))
((64,416,64) (95,447,95) (0,0,0))
((96,416,64) (127,447,95) (0,0,0))
((128,416,64) (159,447,95) (0,0,0))
((160,416,64) (191,447,95) (0,0,0))
((192,416,64) (223,447,95) (0,0,0))
((224,416,64) (255,447,95) (0,0,0))
((256,416,64) (287,447,95) (0,0,0))
((288,416,64) (319,447,95) (0,0,0))
((320,416,64) (351,447,95) (0,0,0))
((352,416,64) (383,447,95) (0,0,0))
((384,416,64) (415,447,95) (0,0,0))
((416,416,64) (447,447,95) (0,0,0))
((448,416,64) (479,447,95) (0,0,0))
((480,416,64) (511,447,95) (0,0,0))
((512,416,64) (543,447,95) (0,0,0))
((544,416,64) (575,447,95) (0,0,0))
((576,416,64) (599,447,95) (0,0,0))
((0,448,64) (31,479,95) (0,0,0))
((32,448,64) (63,479,95) (0,0,0))
((64,448,64) (95,479,95) (0,0,0))
((96,448,64) (127,479,95) (0,0,0))
((128,448,64) (159,479,95) (0,0,0))
((160,448,64) (191,479,95) (0,0,0))
((192,448,64) (223,479,95) (0,0,0))
((224,448,64) (255,479,95) (0,0,0))
((256,448,64) (287,479,95) (0,0,0))
((288,448,64) (319,479,95) (0,0,0))
((320,448,64) (351,479,95) (0,0,0))
((352,448,64) (383,479,95) (0,0,0))
((384,448,64) (415,479,95) (0,0,0))
((416,448,64) (447,479,95) (0,0,0))
((448,448,64) (479,479,95) (0,0,0))
((480,448,64) (511,479,95) (0,0,0))
((512,448,64) (543,479,95) (0,0,0))
((544,448,64) (575,479,95) (0,0,0))
((576,448,64) (599,479,95) (0,0,0))
((0,480,64) (31,511,95) (0,0,0))
((32,480,64) (63,511,95) (0,0,0))
((64,480,64) (95,511,95) (0,0,0))
((96,480,64) (127,511,95) (0,0,0))
((128,480,64) (159,511,95) (0,0,0))
((160,480,64) (191,511,95) (0,0,0))
((192,480,64) (223,511,95) (0,0,0))
((224,480,64) (255,511,95) (0,0,0))
((256,480,64) (287,511,95) (0,0,0))
((288,480,64) (319,511,95) (0,0,0))
((320,480,64) (351,511,95) (0,0,0))
((352,480,64) (383,511,95) (0,0,0))
((384,480,64) (415,511,95) (0,0,0))
((416,480,64) (447,511,95) (0,0,0))
((448,480,64) (479,511,95) (0,0,0))
((480,480,64) (511,511,95) (0,0,0))
((512,480,64) (543,511,95) (0,0,0))
((544,480,64) (575,511,95) (0,0,0))
((576,480,64) (599,511,95) (0,0,0))
((0,512,64) (31,543,95) (0,0,0))
((32,512,64) (63,543,95) (0,0,0))
((64,512,64) (95,543,95) (0,0,0))
((96,512,64) (127,543,95) (0,0,0))
((128,512,64) (159,543,95) (0,0,0))
((160,512,64) (191,543,95) (0,0,0))
((192,512,64) (223,543,95) (0,0,0))
((224,512,64) (255,543,95) (0,0,0))
((256,512,64) (287,543,95) (0,0,0))
((288,512,64) (319,543,95) (0,0,0))
((320,512,64) (351,543,95) (0,0,0))
((352,512,64) (383,543,95) (0,0,0))
((384,512,64) (415,543,95) (0,0,0))
((416,512,64) (447,543,95) (0,0,0))
((448,512,64) (479,543,95) (0,0,0))
((480,512,64) (511,543,95) (0,0,0))
((512,512,64) (543,543,95) (0,0,0))
((544,512,64) (575,543,95) (0,0,0))
((576,512,64) (599,543,95) (0,0,0))
((0,544,64) (31,575,95) (0,0,0))
((32,544,64) (63,575,95) (0,0,0))
((64,544,64) (95,575,95) (0,0,0))
((96,544,64) (127,575,95) (0,0,0))
((128,544,64) (159,575,95) (0,0,0))
((160,544,64) (191,575,95) (0,0,0))
((192,544,64) (223,575,95) (0,0,0))
((224,544,64) (255,575,95) (0,0,0))
((256,544,64) (287,575,95) (0,0,0))
((288,544,64) (319,575,95) (0,0,0))
((320,544,64) (351,575,95) (0,0,0))
((352,544,64) (383,575,95) (0,0,0))
((384,544,64) (415,575,95) (0,0,0))
((416,544,64) (447,575,95) (0,0,0))
((448,544,64) (479,575,95) (0,0,0))
((480,544,64) (511,575,95) (0,0,0))
((512,544,64) (543,575,95) (0,0,0))
((544,544,64) (575,575,95) (0,0,0))
((576,544,64) (599,575,95) (0,0,0))
((0,576,64) (31,599,95) (0,0,0))
((32,576,64) (63,599,95) (0,0,0))
((64,576,64) (95,599,95) (0,0,0))
((96,576,64) (127,599,95) (0,0,0))
((128,576,64) (159,599,95) (0,0,0))
((160,576,64) (191,599,95) (0,0,0))
((192,576,64) (223,599,95) (0,0,0))
((224,576,64) (255,599,95) (0,0,0))
((256,576,64) (287,599,95) (0,0,0))
((288,576,64) (319,599,95) (0,0,0))
((320,576,64) (351,599,95) (0,0,0))
((352,576,64) (383,599,95) (0,0,0))
((384,576,64) (415,599,95) (0,0,0))
((416,576,64) (447,599,95) (0,0,0))
((448,576,64) (479,599,95) (0,0,0))
((480,576,64) (511,599,95) (0,0,0))
((512,576,64) (543,599,95) (0,0,0))
((544,576,64) (575,599,95) (0,0,0))
((576,576,64) (599,599,95) (0,0,0))
((0,0,96) (31,31,127) (0,0,0))
((32,0,96) (63,31,127) (0,0,0))
((64,0,96) (95,31,127) (0,0,0))
((96,0,96) (127,31,127) (0,0,0))
((128,0,96) (159,31,127) (0,0,0))
((160,0,96) (191,31,127) (0,0,0))
((192,0,96) (223,31,127) (0,0,0))
((224,0,96) (255,31,127) (0,0,0))
((256,0,96) (287,31,127) (0,0,0))
((288,0,96) (319,31,127) (0,0,0))
((320,0,96) (351,31,127) (0,0,0))
((352,0,96) (383,31,127) (0,0,0))
((384,0,96) (415,31,127) (0,0,0))
((416,0,96) (447,31,127) (0,0,0))
((448,0,96) (479,31,127) (0,0,0))
((480,0,96) (511,31,127) (0,0,0))
((512,0,96) (543,31,127) (0,0,0))
((544,0,96) (575,31,127) (0,0,0))
((576,0,96) (599,31,127) (0,0,0))
((0,32,96) (31,63,127) (0,0,0))
((32,32,96) (63,63,127) (0,0,0))
((64,32,96) (95,63,127) (0,0,0))
((96,32,96) (127,63,127) (0,0,0))
((128,32,96) (159,63,127) (0,0,0))
((160,32,96) (191,63,127) (0,0,0))
((192,32,96) (223,63,127) (0,0,0))
((224,32,96) (255,63,127) (0,0,0))
((256,32,96) (287,63,127) (0,0,0))
((288,32,96) (319,63,127) (0,0,0))
((320,32,96) (351,63,127) (0,0,0))
((352,32,96) (383,63,127) (0,0,0))
((384,32,96) (415,63,127) (0,0,0))
((416,32,96) (447,63,127) (0,0,0))
((448,32,96) (479,63,127) (0,0,0))
((480,32,96) (511,63,127) (0,0,0))
((512,32,96) (543,63,127) (0,0,0))
((544,32,96) (575,63,127) (0,0,0))
((576,32,96) (599,63,127) (0,0,0))
((0,64,96) (31,95,127) (0,0,0))
((32,64,96) (63,95,127) (0,0,0))
((64,64,96) (95,95,127) (0,0,0))
((96,64,96) (127,95,127) (0,0,0))
((128,64,96) (159,95,127) (0,0,0))
((160,64,96) (191,95,127) (0,0,0))
((192,64,96) (223,95,127) (0,0,0))
((224,64,96) (255,95,127) (0,0,0))
((256,64,96) (287,95,127) (0,0,0))
((288,64,96) (319,95,127) (0,0,0))
((320,64,96) (351,95,127) (0,0,0))
((352,64,96) (383,95,127) (0,0,0))
((384,64,96) (415,95,127) (0,0,0))
((416,64,96) (447,95,127) (0,0,0))
((448,64,96) (479,95,127) (0,0,0))
((480,64,96) (511,95,127) (0,0,0))
((512,64,96) (543,95,127) (0,0,0))
((544,64,96) (575,95,127) (0,0,0))
((576,64,96) (599,95,127) (0,0,0))
((0,96,96) (31,127,127) (0,0,0))
((32,96,96) (63,127,127) (0,0,0))
((64,96,96) (95,127,127) (0,0,0))
((96,96,96) (127,127,127) (0,0,0))
((128,96,96) (159,127,127) (0,0,0))
((160,96,96) (191,127,127) (0,0,0))
((192,96,96) (223,127,127) (0,0,0))
((224,96,96) (255,127,127) (0,0,0))
((256,96,96) (287,127,127) (0,0,0))
((288,96,96) (319,127,127) (0,0,0))
((320,96,96) (351,127,127) (0,0,0))
((352,96,96) (383,127,127) (0,0,0))
((384,96,96) (415,127,127) (0,0,0))
((416,96,96) (447,127,127) (0,0,0))
((448,96,96) (479,127,127) (0,0,0))
((480,96,96) (511,127,127) (0,0,0))
((512,96,96) (543,127,127) (0,0,0))
((544,96,96) (575,127,127) (0,0,0))
((576,96,96) (599,127,127) (0,0,0))
((0,128,96) (31,159,127) (0,0,0))
((32,128,96) (63,159,127) (0,0,0))
((64,128,96) (95,159,127) (0,0,0))
((96,128,96) (127,159,127) (0,0,0))
((128,128,96) (159,159,127) (0,0,0))
((160,128,96) (191,159,127) (0,0,0))
((192,128,96) (223,159,127) (0,0,0))
((224,128,96) (255,159,127) (0,0,0))
((256,128,96) (287,159,127) (0,0,0))
((288,128,96) (319,159,127) (0,0,0))
((320,128,96) (351,159,127) (0,0,0))
((352,128,96) (383,159,127) (0,0,0))
((384,128,96) (415,159,127) (0,0,0))
((416,128,96) (447,159,127) (0,0,0))
((448,128,96) (479,159,127) (0,0,0))
((480,128,96) (511,159,127) (0,0,0))
((512,128,96) (543,159,127) (0,0,0))
((544,128,96) (575,159,127) (0,0,0))
((576,128,96) (599,159,127) (0,0,0))
((0,160,96) (31,191,127) (0,0,0))
((32,160,96) (63,191,127) (0,0,0))
((64,160,96) (95,191,127) (0,0,0))
((96,160,96) (127,191,127) (0,0,0))
((128,160,96) (159,191,127) (0,0,0))
((160,160,96) (191,191,127) (0,0,0))
((192,160,96) (223,191,127) (0,0,0))
((224,160,96) (255,191,127) (0,0,0))
((256,160,96) (287,191,127) (0,0,0))
((288,160,96) (319,191,127) (0,0,0))
((320,160,96) (351,191,127) (0,0,0))
((352,160,96) (383,191,127) (0,0,0))
((384,160,96) (415,191,127) (0,0,0))
((416,160,96) (447,191,127) (0,0,0))
((448,160,96) (479,191,127) (0,0,0))
((480,160,96) (511,191,127) (0,0,0))
((512,160,96) (543,191,127) (0,0,0))
((544,160,96) (575,191,127) (0,0,0))
((576,160,96) (599,191,127) (0,0,0))
((0,192,96) (31,223,127) (0,0,0))
((32,192,96) (63,223,127) (0,0,0))
((64,192,96) (95,223,127) (0,0,0))
((96,192,96) (127,223,127) (0,0,0))
((128,192,96) (159,223,127) (0,0,0))
((160,192,96) (191,223,127) (0,0,0))
((192,192,96) (223,223,127) (0,0,0))
((224,192,96) (255,223,127) (0,0,0))
((256,192,96) (287,223,127) (0,0,0))
((288,192,96) (319,223,127) (0,0,0))
((320,192,96) (351,223,127) (0,0,0))
((352,192,96) (383,223,127) (0,0,0))
((384,192,96) (415,223,127) (0,0,0))
((416,192,96) (447,223,127) (0,0,0))
((448,192,96) (479,223,127) (0,0,0))
((480,192,96) (511,223,127) (0,0,0))
((512,192,96) (543,223,127) (0,0,0))
((544,192,96) (575,223,127) (0,0,0))
((576,192,96) (599,223,127) (0,0,0))
((0,224,96) (31,255,127) (0,0,0))
((32,224,96) (63,255,127) (0,0,0))
((64,224,96) (95,255,127) (0,0,0))
((96,224,96) (127,255,127) (0,0,0))
((128,224,96) (159,255,127) (0,0,0))
((160,224,96) (191,255,127) (0,0,0))
((192,224,96) (223,255,127) (0,0,0))
((224,224,96) (255,255,127) (0,0,0))
((256,224,96) (287,255,127) (0,0,0))
((288,224,96) (319,255,127) (0,0,0))
((320,224,96) (351,255,127) (0,0,0))
((352,224,96) (383,255,127) (0,0,0))
((384,224,96) (415,255,127) (0,0,0))
((416,224,96) (447,255,127) (0,0,0))
((448,224,96) (479,255,127) (0,0,0))
((480,224,96) (511,255,127) (0,0,0))
((512,224,96) (543,255,127) (0,0,0))
((544,224,96) (575,255,127) (0,0,0))
((576,224,96) (599,255,127) (0,0,0))
((0,256,96) (31,287,127) (0,0,0))
((32,256,96) (63,287,127) (0,0,0))
((64,256,96) (95,287,127) (0,0,0))
((96,256,96) (127,287,127) (0,0,0))
((128,256,96) (159,287,127) (0,0,0))
((160,256,96) (191,287,127) (0,0,0))
((192,256,96) (223,287,127) (0,0,0))
((224,256,96) (255,287,127) (0,0,0))
((256,256,96) (287,287,127) (0,0,0))
((288,256,96) (319,287,127) (0,0,0))
((320,256,96) (351,287,127) (0,0,0))
((352,256,96) (383,287,127) (0,0,0))
((384,256,96) (415,287,127) (0,0,0))
((416,256,96) (447,287,127) (0,0,0))
((448,256,96) (479,287,127) (0,0,0))
((480,256,96) (511,287,127) (0,0,0))
((512,256,96) (543,287,127) (0,0,0))
((544,256,96) (575,287,127) (0,0,0))
((576,256,96) (599,287,127) (0,0,0))
((0,288,96) (31,319,127) (0,0,0))
((32,288,96) (63,319,127) (0,0,0))
((64,288,96) (95,319,127) (0,0,0))
((96,288,96) (127,319,127) (0,0,0))
((128,288,96) (159,319,127) (0,0,0))
((160,288,96) (191,319,127) (0,0,0))
((192,288,96) (223,319,127) (0,0,0))
((224,288,96) (255,319,127) (0,0,0))
((256,288,96) (287,319,127) (0,0,0))
((288,288,96) (319,319,127) (0,0,0))
((320,288,96) (351,319,127) (0,0,0))
((352,288,96) (383,319,127) (0,0,0))
((384,288,96) (415,319,127) (0,0,0))
((416,288,96) (447,319,127) (0,0,0))
((448,288,96) (479,319,127) (0,0,0))
((480,288,96) (511,319,127) (0,0,0))
((512,288,96) (543,319,127) (0,0,0))
((544,288,96) (575,319,127) (0,0,0))
((576,288,96) (599,319,127) (0,0,0))
((0,320,96) (31,351,127) (0,0,0))
((32,320,96) (63,351,127) (0,0,0))
((64,320,96) (95,351,127) (0,0,0))
((96,320,96) (127,351,127) (0,0,0))
((128,320,96) (159,351,127) (0,0,0))
((160,320,96) (191,351,127) (0,0,0))
((192,320,96) (223,351,127) (0,0,0))
((224,320,96) (255,351,127) (0,0,0))
((256,320,96) (287,351,127) (0,0,0))
((288,320,96) (319,351,127) (0,0,0))
((320,320,96) (351,351,127) (0,0,0))
((352,320,96) (383,351,127) (0,0,0))
((384,320,96) (415,351,127) (0,0,0))
((416,320,96) (447,351,127) (0,0,0))
((448,320,96) (479,351,127) (0,0,0))
((480,320,96) (511,351,127) (0,0,0))
((512,320,96) (543,351,127) (0,0,0))
((544,320,96) (575,351,127) (0,0,0))
((576,320,96) (599,351,127) (0,0,0))
((0,352,96) (31,383,127) (0,0,0))
((32,352,96) (63,383,127) (0,0,0))
((64,352,96) (95,383,127) (0,0,0))
((96,352,96) (127,383,127) (0,0,0))
((128,352,96) (159,383,127) (0,0,0))
((160,352,96) (191,383,127) (0,0,0))
((192,352,96) (223,383,127) (0,0,0))
((224,352,96) (255,383,127) (0,0,0))
((256,352,96) (287,383,127) (0,0,0))
((288,352,96) (319,383,127) (0,0,0))
((320,352,96) (351,383,127) (0,0,0))
((352,352,96) (383,383,127) (0,0,0))
((384,352,96) (415,383,127) (0,0,0))
((416,352,96) (447,383,127) (0,0,0))
((448,352,96) (479,383,127) (0,0,0))
((480,352,96) (511,383,127) (0,0,0))
((512,352,96) (543,383,127) (0,0,0))
((544,352,96) (575,383,127) (0,0,0))
((576,352,96) (599,383,127) (0,0,0))
((0,384,96) (31,415,127) (0,0,0))
((32,384,96) (63,415,127) (0,0,0))
((64,384,96) (95,415,127) (0,0,0))
((96,384,96) (127,415,127) (0,0,0))
((128,384,96) (159,415,127) (0,0,0))
((160,384,96) (191,415,127) (0,0,0))
((192,384,96) (223,415,127) (0,0,0))
((224,384,96) (255,415,127) (0,0,0))
((256,384,96) (287,415,127) (0,0,0))
((288,384,96) (319,415,127) (0,0,0))
((320,384,96) (351,415,127) (0,0,0))
((352,384,96) (383,415,127) (0,0,0))
((384,384,96) (415,415,127) (0,0,0))
((416,384,96) (447,415,127) (0,0,0))
((448,384,96) (479,415,127) (0,0,0))
((480,384,96) (511,415,127) (0,0,0))
((512,384,96) (543,415,127) (0,0,0))
((544,384,96) (575,415,127) (0,0,0))
((576,384,96) (599,415,127) (0,0,0))
((0,416,96) (31,447,127) (0,0,0))
((32,416,96) (63,447,127) (0,0,0))
((64,416,96) (95,447,127) (0,0,0))
((96,416,96) (127,447,127) (0,0,0))
((128,416,96) (159,447,127) (0,0,0))
((160,416,96) (191,447,127) (0,0,0))
((192,416,96) (223,447,127) (0,0,0))
((224,416,96) (255,447,127) (0,0,0))
((256,416,96) (287,447,127) (0,0,0))
((288,416,96) (319,447,127) (0,0,0))
((320,416,96) (351,447,127) (0,0,0))
((352,416,96) (383,447,127) (0,0,0))
((384,416,96) (415,447,127) (0,0,0))
((416,416,96) (447,447,127) (0,0,0))
((448,416,96) (479,447,127) (0,0,0))
((480,416,96) (511,447,127) (0,0,0))
((512,416,96) (543,447,127) (0,0,0))
((544,416,96) (575,447,127) (0,0,0))
((576,416,96) (599,447,127) (0,0,0))
((0,448,96) (31,479,127) (0,0,0))
((32,448,96) (63,479,127) (0,0,0))
((64,448,96) (95,479,127) (0,0,0))
((96,448,96) (127,479,127) (0,0,0))
((128,448,96) (159,479,127) (0,0,0))
((160,448,96) (191,479,127) (0,0,0))
((192,448,96) (223,479,127) (0,0,0))
((224,448,96) (255,479,127) (0,0,0))
((256,448,96) (287,479,127) (0,0,0))
((288,448,96) (319,479,127) (0,0,0))
((320,448,96) (351,479,127) (0,0,0))
((352,448,96) (383,479,127) (0,0,0))
((384,448,96) (415,479,127) (0,0,0))
((416,448,96) (447,479,127) (0,0,0))
((448,448,96) (479,479,127) (0,0,0))
((480,448,96) (511,479,127) (0,0,0))
((512,448,96) (543,479,127) (0,0,0))
((544,448,96) (575,479,127) (0,0,0))
((576,448,96) (599,479,127) (0,0,0))
((0,480,96) (31,511,127) (0,0,0))
((32,480,96) (63,511,127) (0,0,0))
((64,480,96) (95,511,127) (0,0,0))
((96,480,96) (127,511,127) (0,0,0))
((128,480,96) (159,511,127) (0,0,0))
((160,480,96) (191,511,127) (0,0,0))
((192,480,96) (223,511,127) (0,0,0))
((224,480,96) (255,511,127) (0,0,0))
((256,480,96) (287,511,127) (0,0,0))
((288,480,96) (319,511,127) (0,0,0))
((320,480,96) (351,511,127) (0,0,0))
((352,480,96) (383,511,127) (0,0,0))
((384,480,96) (415,511,127) (0,0,0))
((416,480,96) (447,511,127) (0,0,0))
((448,480,96) (479,511,127) (0,0,0))
((480,480,96) (511,511,127) (0,0,0))
((512,480,96) (543,511,127) (0,0,0))
((544,480,96) (575,511,127) (0,0,0))
((576,480,96) (599,511,127) (0,0,0))
((0,512,96) (31,543,127) (0,0,0))
((32,512,96) (63,543,127) (0,0,0))
((64,512,96) (95,543,127) (0,0,0))
((96,512,96) (127,543,127) (0,0,0))
((128,512,96) (159,543,127) (0,0,0))
((160,512,96) (191,543,127) (0,0,0))
((192,512,96) (223,543,127) (0,0,0))
((224,512,96) (255,543,127) (0,0,0))
((256,512,96) (287,543,127) (0,0,0))
((288,512,96) (319,543,127) (0,0,0))
((320,512,96) (351,543,127) (0,0,0))
((352,512,96) (383,543,127) (0,0,0))
((384,512,96) (415,543,127) (0,0,0))
((416,512,96) (447,543,127) (0,0,0))
((448,512,96) (479,543,127) (0,0,0))
((480,512,96) (511,543,127) (0,0,0))
((512,512,96) (543,543,127) (0,0,0))
((544,512,96) (575,543,127) (0,0,0))
((576,512,96) (599,543,127) (0,0,0))
((0,544,96) (31,575,127) (0,0,0))
((32,544,96) (63,575,127) (0,0,0))
((64,544,96) (95,575,127) (0,0,0))
((96,544,96) (127,575,127) (0,0,0))
((128,544,96) (159,575,127) (0,0,0))
((160,544,96) (191,575,127) (0,0,0))
((192,544,96) (223,575,127) (0,0,0))
((224,544,96) (255,575,127) (0,0,0))
((256,544,96) (287,575,127) (0,0,0))
((288,544,96) (319,575,127) (0,0,0))
((320,544,96) (351,575,127) (0,0,0))
((352,544,96) (383,575,127) (0,0,0))
((384,544,96) (415,575,127) (0,0,0))
((416,544,96) (447,575,127) (0,0,0))
((448,544,96) (479,575,127) (0,0,0))
((480,544,96) (511,575,127) (0,0,0))
((512,544,96) (543,575,127) (0,0,0))
((544,544,96) (575,575,127) (0,0,0))
((576,544,96) (599,575,127) (0,0,0))
((0,576,96) (31,599,127) (0,0,0))
((32,576,96) (63,599,127) (0,0,0))
((64,576,96) (95,599,127) (0,0,0))
((96,576,96) (127,599,127) (0,0,0))
((128,576,96) (159,599,127) (0,0,0))
((160,576,96) (191,599,127) (0,0,0))
((192,576,96) (223,599,127) (0,0,0))
((224,576,96) (255,599,127) (0,0,0))
((256,576,96) (287,599,127) (0,0,0))
((288,576,96) (319,599,127) (0,0,0))
((320,576,96) (351,599,127) (0,0,0))
((352,576,96) (383,599,127) (0,0,0))
((384,576,96) (415,599,127) (0,0,0))
((416,576,96) (447,599,127) (0,0,0))
((448,576,96) (479,599,127) (0,0,0))
((480,576,96) (511,599,127) (0,0,0))
((512,576,96) (543,599,127) (0,0,0))
((544,576,96) (575,599,127) (0,0,0))
((576,576,96) (599,599,127) (0,0,0))
((0,0,128) (31,31,151) (0,0,0))
((32,0,128) (63,31,151) (0,0,0))
((64,0,128) (95,31,151) (0,0,0))
((96,0,128) (127,31,151) (0,0,0))
((128,0,128) (159,31,151) (0,0,0))
((160,0,128) (191,31,151) (0,0,0))
((192,0,128) (223,31,151) (0,0,0))
((224,0,128) (255,31,151) (0,0,0))
((256,0,128) (287,31,151) (0,0,0))
((288,0,128) (319,31,151) (0,0,0))
((320,0,128) (351,31,151) (0,0,0))
((352,0,128) (383,31,151) (0,0,0))
((384,0,128) (415,31,151) (0,0,0))
((416,0,128) (447,31,151) (0,0,0))
((448,0,128) (479,31,151) (0,0,0))
((480,0,128) (511,31,151) (0,0,0))
((512,0,128) (543,31,151) (0,0,0))
((544,0,128) (575,31,151) (0,0,0))
((576,0,128) (599,31,151) (0,0,0))
((0,32,128) (31,63,151) (0,0,0))
((32,32,128) (63,63,151) (0,0,0))
((64,32,128) (95,63,151) (0,0,0))
((96,32,128) (127,63,151) (0,0,0))
((128,32,128) (159,63,151) (0,0,0))
((160,32,128) (191,63,151) (0,0,0))
((192,32,128) (223,63,151) (0,0,0))
((224,32,128) (255,63,151) (0,0,0))
((256,32,128) (287,63,151) (0,0,0))
((288,32,128) (319,63,151) (0,0,0))
((320,32,128) (351,63,151) (0,0,0))
((352,32,128) (383,63,151) (0,0,0))
((384,32,128) (415,63,151) (0,0,0))
((416,32,128) (447,63,151) (0,0,0))
((448,32,128) (479,63,151) (0,0,0))
((480,32,128) (511,63,151) (0,0,0))
((512,32,128) (543,63,151) (0,0,0))
((544,32,128) (575,63,151) (0,0,0))
((576,32,128) (599,63,151) (0,0,0))
((0,64,128) (31,95,151) (0,0,0))
((32,64,128) (63,95,151) (0,0,0))
((64,64,128) (95,95,151) (0,0,0))
((96,64,128) (127,95,151) (0,0,0))
((128,64,128) (159,95,151) (0,0,0))
((160,64,128) (191,95,151) (0,0,0))
((192,64,128) (223,95,151) (0,0,0))
((224,64,128) (255,95,151) (0,0,0))
((256,64,128) (287,95,151) (0,0,0))
((288,64,128) (319,95,151) (0,0,0))
((320,64,128) (351,95,151) (0,0,0))
((352,64,128) (383,95,151) (0,0,0))
((384,64,128) (415,95,151) (0,0,0))
((416,64,128) (447,95,151) (0,0,0))
((448,64,128) (479,95,151) (0,0,0))
((480,64,128) (511,95,151) (0,0,0))
((512,64,128) (543,95,151) (0,0,0))
((544,64,128) (575,95,151) (0,0,0))
((576,64,128) (599,95,151) (0,0,0))
((0,96,128) (31,127,151) (0,0,0))
((32,96,128) (63,127,151) (0,0,0))
((64,96,128) (95,127,151) (0,0,0))
((96,96,128) (127,127,151) (0,0,0))
((128,96,128) (159,127,151) (0,0,0))
((160,96,128) (191,127,151) (0,0,0))
((192,96,128) (223,127,151) (0,0,0))
((224,96,128) (255,127,151) (0,0,0))
((256,96,128) (287,127,151) (0,0,0))
((288,96,128) (319,127,151) (0,0,0))
((320,96,128) (351,127,151) (0,0,0))
((352,96,128) (383,127,151) (0,0,0))
((384,96,128) (415,127,151) (0,0,0))
((416,96,128) (447,127,151) (0,0,0))
((448,96,128) (479,127,151) (0,0,0))
((480,96,128) (511,127,151) (0,0,0))
((512,96,128) (543,127,151) (0,0,0))
((544,96,128) (575,127,151) (0,0,0))
((576,96,128) (599,127,151) (0,0,0))
((0,128,128) (31,159,151) (0,0,0))
((32,128,128) (63,159,151) (0,0,0))
((64,128,128) (95,159,151) (0,0,0))
((96,128,128) (127,159,151) (0,0,0))
((128,128,128) (159,159,151) (0,0,0))
((160,128,128) (191,159,151) (0,0,0))
((192,128,128) (223,159,151) (0,0,0))
((224,128,128) (255,159,151) (0,0,0))
((256,128,128) (287,159,151) (0,0,0))
((288,128,128) (319,159,151) (0,0,0))
((320,128,128) (351,159,151) (0,0,0))
((352,128,128) (383,159,151) (0,0,0))
((384,128,128) (415,159,151) (0,0,0))
((416,128,128) (447,159,151) (0,0,0))
((448,128,128) (479,159,151) (0,0,0))
((480,128,128) (511,159,151) (0,0,0))
((512,128,128) (543,159,151) (0,0,0))
((544,128,128) (575,159,151) (0,0,0))
((576,128,128) (599,159,151) (0,0,0))
((0,160,128) (31,191,151) (0,0,0))
((32,160,128) (63,191,151) (0,0,0))
((64,160,128) (95,191,151) (0,0,0))
((96,160,128) (127,191,151) (0,0,0))
((128,160,128) (159,191,151) (0,0,0))
((160,160,128) (191,191,151) (0,0,0))
((192,160,128) (223,191,151) (0,0,0))
((224,160,128) (255,191,151) (0,0,0))
((256,160,128) (287,191,151) (0,0,0))
((288,160,128) (319,191,151) (0,0,0))
((320,160,128) (351,191,151) (0,0,0))
((352,160,128) (383,191,151) (0,0,0))
((384,160,128) (415,191,151) (0,0,0))
((416,160,128) (447,191,151) (0,0,0))
((448,160,128) (479,191,151) (0,0,0))
((480,160,128) (511,191,151) (0,0,0))
((512,160,128) (543,191,151) (0,0,0))
((544,160,128) (575,191,151) (0,0,0))
((576,160,128) (599,191,151) (0,0,0))
((0,192,128) (31,223,151) (0,0,0))
((32,192,128) (63,223,151) (0,0,0))
((64,192,128) (95,223,151) (0,0,0))
((96,192,128) (127,223,151) (0,0,0))
((128,192,128) (159,223,151) (0,0,0))
((160,192,128) (191,223,151) (0,0,0))
((192,192,128) (223,223,151) (0,0,0))
((224,192,128) (255,223,151) (0,0,0))
((256,192,128) (287,223,151) (0,0,0))
((288,192,128) (319,223,151) (0,0,0))
((320,192,128) (351,223,151) (0,0,0))
((352,192,128) (383,223,151) (0,0,0))
((384,192,128) (415,223,151) (0,0,0))
((416,192,128) (447,223,151) (0,0,0))
((448,192,128) (479,223,151) (0,0,0))
((480,192,128) (511,223,151) (0,0,0))
((512,192,128) (543,223,151) (0,0,0))
((544,192,128) (575,223,151) (0,0,0))
((576,192,128) (599,223,151) (0,0,0))
((0,224,128) (31,255,151) (0,0,0))
((32,224,128) (63,255,151) (0,0,0))
((64,224,128) (95,255,151) (0,0,0))
((96,224,128) (127,255,151) (0,0,0))
((128,224,128) (159,255,151) (0,0,0))
((160,224,128) (191,255,151) (0,0,0))
((192,224,128) (223,255,151) (0,0,0))
((224,224,128) (255,255,151) (0,0,0))
((256,224,128) (287,255,151) (0,0,0))
((288,224,128) (319,255,151) (0,0,0))
((320,224,128) (351,255,151) (0,0,0))
((352,224,128) (383,255,151) (0,0,0))
((384,224,128) (415,255,151) (0,0,0))
((416,224,128) (447,255,151) (0,0,0))
((448,224,128) (479,255,151) (0,0,0))
((480,224,128) (511,255,151) (0,0,0))
((512,224,128) (543,255,151) (0,0,0))
((544,224,128) (575,255,151) (0,0,0))
((576,224,128) (599,255,151) (0,0,0))
((0,256,128) (31,287,151) (0,0,0))
((32,256,128) (63,287,151) (0,0,0))
((64,256,128) (95,287,151) (0,0,0))
((96,256,128) (127,287,151) (0,0,0))
((128,256,128) (159,287,151) (0,0,0))
((160,256,128) (191,287,151) (0,0,0))
((192,256,128) (223,287,151) (0,0,0))
((224,256,128) (255,287,151) (0,0,0))
((256,256,128) (287,287,151) (0,0,0))
((288,256,128) (319,287,151) (0,0,0))
((320,256,128) (351,287,151) (0,0,0))
((352,256,128) (383,287,151) (0,0,0))
((384,256,128) (415,287,151) (0,0,0))
((416,256,128) (447,287,151) (0,0,0))
((448,256,128) (479,287,151) (0,0,0))
((480,256,128) (511,287,151) (0,0,0))
((512,256,128) (543,287,151) (0,0,0))
((544,256,128) (575,287,151) (0,0,0))
((576,256,128) (599,287,151) (0,0,0))
((0,288,128) (31,319,151) (0,0,0))
((32,288,128) (63,319,151) (0,0,0))
((64,288,128) (95,319,151) (0,0,0))
((96,288,128) (127,319,151) (0,0,0))
((128,288,128) (159,319,151) (0,0,0))
((160,288,128) (191,319,151) (0,0,0))
((192,288,128) (223,319,151) (0,0,0))
((224,288,128) (255,319,151) (0,0,0))
((256,288,128) (287,319,151) (0,0,0))
((288,288,128) (319,319,151) (0,0,0))
((320,288,128) (351,319,151) (0,0,0))
((352,288,128) (383,319,151) (0,0,0))
((384,288,128) (415,319,151) (0,0,0))
((416,288,128) (447,319,151) (0,0,0))
((448,288,128) (479,319,151) (0,0,0))
((480,288,128) (511,319,151) (0,0,0))
((512,288,128) (543,319,151) (0,0,0))
((544,288,128) (575,319,151) (0,0,0))
((576,288,128) (599,319,151) (0,0,0))
((0,320,128) (31,351,151) (0,0,0))
((32,320,128) (63,351,151) (0,0,0))
((64,320,128) (95,351,151) (0,0,0))
((96,320,128) (127,351,151) (0,0,0))
((128,320,128) (159,351,151) (0,0,0))
((160,320,128) (191,351,151) (0,0,0))
((192,320,128) (223,351,151) (0,0,0))
((224,320,128) (255,351,151) (0,0,0))
((256,320,128) (287,351,151) (0,0,0))
((288,320,128) (319,351,151) (0,0,0))
((320,320,128) (351,351,151) (0,0,0))
((352,320,128) (383,351,151) (0,0,0))
((384,320,128) (415,351,151) (0,0,0))
((416,320,128) (447,351,151) (0,0,0))
((448,320,128) (479,351,151) (0,0,0))
((480,320,128) (511,351,151) (0,0,0))
((512,320,128) (543,351,151) (0,0,0))
((544,320,128) (575,351,151) (0,0,0))
((576,320,128) (599,351,151) (0,0,0))
((0,352,128) (31,383,151) (0,0,0))
((32,352,128) (63,383,151) (0,0,0))
((64,352,128) (95,383,151) (0,0,0))
((96,352,128) (127,383,151) (0,0,0))
((128,352,128) (159,383,151) (0,0,0))
((160,352,128) (191,383,151) (0,0,0))
((192,352,128) (223,383,151) (0,0,0))
((224,352,128) (255,383,151) (0,0,0))
((256,352,128) (287,383,151) (0,0,0))
((288,352,128) (319,383,151) (0,0,0))
((320,352,128) (351,383,151) (0,0,0))
((352,352,128) (383,383,151) (0,0,0))
((384,352,128) (415,383,151) (0,0,0))
((416,352,128) (447,383,151) (0,0,0))
((448,352,128) (479,383,151) (0,0,0))
((480,352,128) (511,383,151) (0,0,0))
((512,352,128) (543,383,151) (0,0,0))
((544,352,128) (575,383,151) (0,0,0))
((576,352,128) (599,383,151) (0,0,0))
((0,384,128) (31,415,151) (0,0,0))
((32,384,128) (63,415,151) (0,0,0))
((64,384,128) (95,415,151) (0,0,0))
((96,384,128) (127,415,151) (0,0,0))
((128,384,128) (159,415,151) (0,0,0))
((160,384,128) (191,415,151) (0,0,0))
((192,384,128) (223,415,151) (0,0,0))
((224,384,128) (255,415,151) (0,0,0))
((256,384,128) (287,415,151) (0,0,0))
((288,384,128) (319,415,151) (0,0,0))
((320,384,128) (351,415,151) (0,0,0))
((352,384,128) (383,415,151) (0,0,0))
((384,384,128) (415,415,151) (0,0,0))
((416,384,128) (447,415,151) (0,0,0))
((448,384,128) (479,415,151) (0,0,0))
((480,384,128) (511,415,151) (0,0,0))
((512,384,128) (543,415,151) (0,0,0))
((544,384,128) (575,415,151) (0,0,0))
((576,384,128) (599,415,151) (0,0,0))
((0,416,128) (31,447,151) (0,0,0))
((32,416,128) (63,447,151) (0,0,0))
((64,416,128) (95,447,151) (0,0,0))
((96,416,128) (127,447,151) (0,0,0))
((128,416,128) (159,447,151) (0,0,0))
((160,416,128) (191,447,151) (0,0,0))
((192,416,128) (223,447,151) (0,0,0))
((224,416,128) (255,447,151) (0,0,0))
((256,416,128) (287,447,151) (0,0,0))
((288,416,128) (319,447,151) (0,0,0))
((320,416,128) (351,447,151) (0,0,0))
((352,416,128) (383,447,151) (0,0,0))
((384,416,128) (415,447,151) (0,0,0))
((416,416,128) (447,447,151) (0,0,0))
((448,416,128) (479,447,151) (0,0,0))
((480,416,128) (511,447,151) (0,0,0))
((512,416,128) (543,447,151) (0,0,0))
((544,416,128) (575,447,151) (0,0,0))
((576,416,128) (599,447,151) (0,0,0))
((0,448,128) (31,479,151) (0,0,0))
((32,448,128) (63,479,151) (0,0,0))
((64,448,128) (95,479,151) (0,0,0))
((96,448,128) (127,479,151) (0,0,0))
((128,448,128) (159,479,151) (0,0,0))
((160,448,128) (191,479,151) (0,0,0))
((192,448,128) (223,479,151) (0,0,0))
((224,448,128) (255,479,151) (0,0,0))
((256,448,128) (287,479,151) (0,0,0))
((288,448,128) (319,479,151) (0,0,0))
((320,448,128) (351,479,151) (0,0,0))
((352,448,128) (383,479,151) (0,0,0))
((384,448,128) (415,479,151) (0,0,0))
((416,448,128) (447,479,151) (0,0,0))
((448,448,128) (479,479,151) (0,0,0))
((480,448,128) (511,479,151) (0,0,0))
((512,448,128) (543,479,151) (0,0,0))
((544,448,128) (575,479,151) (0,0,0))
((576,448,128) (599,479,151) (0,0,0))
((0,480,128) (31,511,151) (0,0,0))
((32,480,128) (63,511,151) (0,0,0))
((64,480,128) (95,511,151) (0,0,0))
((96,480,128) (127,511,151) (0,0,0))
((128,480,128) (159,511,151) (0,0,0))
((160,480,128) (191,511,151) (0,0,0))
((192,480,128) (223,511,151) (0,0,0))
((224,480,128) (255,511,151) (0,0,0))
((256,480,128) (287,511,151) (0,0,0))
((288,480,128) (319,511,151) (0,0,0))
((320,480,128) (351,511,151) (0,0,0))
((352,480,128) (383,511,151) (0,0,0))
((384,480,128) (415,511,151) (0,0,0))
((416,480,128) (447,511,151) (0,0,0))
((448,480,128) (479,511,151) (0,0,0))
((480,480,128) (511,511,151) (0,0,0))
((512,480,128) (543,511,151) (0,0,0))
((544,480,128) (575,511,151) (0,0,0))
((576,480,128) (599,511,151) (0,0,0))
((0,512,128) (31,543,151) (0,0,0))
((32,512,128) (63,543,151) (0,0,0))
((64,512,128) (95,543,151) (0,0,0))
((96,512,128) (127,543,151) (0,0,0))
((128,512,128) (159,543,151) (0,0,0))
((160,512,128) (191,543,151) (0,0,0))
((192,512,128) (223,543,151) (0,0,0))
((224,512,128) (255,543,151) (0,0,0))
((256,512,128) (287,543,151) (0,0,0))
((288,512,128) (319,543,151) (0,0,0))
((320,512,128) (351,543,151) (0,0,0))
((352,512,128) (383,543,151) (0,0,0))
((384,512,128) (415,543,151) (0,0,0))
((416,512,128) (447,543,151) (0,0,0))
((448,512,128) (479,543,151) (0,0,0))
((480,512,128) (511,543,151) (0,0,0))
((512,512,128) (543,543,151) (0,0,0))
((544,512,128) (575,543,151) (0,0,0))
((576,512,128) (599,543,151) (0,0,0))
((0,544,128) (31,575,151) (0,0,0))
((32,544,128) (63,575,151) (0,0,0))
((64,544,128) (95,575,151) (0,0,0))
((96,544,128) (127,575,151) (0,0,0))
((128,544,128) (159,575,151) (0,0,0))
((160,544,128) (191,575,151) (0,0,0))
((192,544,128) (223,575,151) (0,0,0))
((224,544,128) (255,575,151) (0,0,0))
((256,544,128) (287,575,151) (0,0,0))
((288,544,128) (319,575,151) (0,0,0))
((320,544,128) (351,575,151) (0,0,0))
((352,544,128) (383,575,151) (0,0,0))
((384,544,128) (415,575,151) (0,0,0))
((416,544,128) (447,575,151) (0,0,0))
((448,544,128) (479,575,151) (0,0,0))
((480,544,128) (511,575,151) (0,0,0))
((512,544,128) (543,575,151) (0,0,0))
((544,544,128) (575,575,151) (0,0,0))
((576,544,128) (599,575,151) (0,0,0))
((0,576,128) (31,599,151) (0,0,0))
((32,576,128) (63,599,151) (0,0,0))
((64,576,128) (95,599,151) (0,0,0))
((96,576,128) (127,599,151) (0,0,0))
((128,576,128) (159,599,151) (0,0,0))
((160,576,128) (191,599,151) (0,0,0))
((192,576,128) (223,599,151) (0,0,0))
((224,576,128) (255,599,151) (0,0,0))
((256,576,128) (287,599,151) (0,0,0))
((288,576,128) (319,599,151) (0,0,0))
((320,576,128) (351,599,151) (0,0,0))
((352,576,128) (383,599,151) (0,0,0))
((384,576,128) (415,599,151) (0,0,0))
((416,576,128) (447,599,151) (0,0,0))
((448,576,128) (479,599,151) (0,0,0))
((480,576,128) (511,599,151) (0,0,0))
((512,576,128) (543,599,151) (0,0,0))
((544,576,128) (575,599,151) (0,0,0))
((576,576,128) (599,599,151) (0,0,0))
((0,0,152) (31,31,175) (0,0,0))
((32,0,152) (63,31,175) (0,0,0))
((64,0,152) (95,31,175) (0,0,0))
((96,0,152) (127,31,175) (0,0,0))
((128,0,152) (159,31,175) (0,0,0))
((160,0,152) (191,31,175) (0,0,0))
((192,0,152) (223,31,175) (0,0,0))
((224,0,152) (255,31,175) (0,0,0))
((256,0,152) (287,31,175) (0,0,0))
((288,0,152) (319,31,175) (0,0,0))
((320,0,152) (351,31,175) (0,0,0))
((352,0,152) (383,31,175) (0,0,0))
((384,0,152) (415,31,175) (0,0,0))
((416,0,152) (447,31,175) (0,0,0))
((448,0,152) (479,31,175) (0,0,0))
((480,0,152) (511,31,175) (0,0,0))
((512,0,152) (543,31,175) (0,0,0))
((544,0,152) (575,31,175) (0,0,0))
((576,0,152) (599,31,175) (0,0,0))
((0,32,152) (31,63,175) (0,0,0))
((32,32,152) (63,63,175) (0,0,0))
((64,32,152) (95,63,175) (0,0,0))
((96,32,152) (127,63,175) (0,0,0))
((128,32,152) (159,63,175) (0,0,0))
((160,32,152) (191,63,175) (0,0,0))
((192,32,152) (223,63,175) (0,0,0))
((224,32,152) (255,63,175) (0,0,0))
((256,32,152) (287,63,175) (0,0,0))
((288,32,152) (319,63,175) (0,0,0))
((320,32,152) (351,63,175) (0,0,0))
((352,32,152) (383,63,175) (0,0,0))
((384,32,152) (415,63,175) (0,0,0))
((416,32,152) (447,63,175) (0,0,0))
((448,32,152) (479,63,175) (0,0,0))
((480,32,152) (511,63,175) (0,0,0))
((512,32,152) (543,63,175) (0,0,0))
((544,32,152) (575,63,175) (0,0,0))
((576,32,152) (599,63,175) (0,0,0))
((0,64,152) (31,95,175) (0,0,0))
((32,64,152) (63,95,175) (0,0,0))
((64,64,152) (95,95,175) (0,0,0))
((96,64,152) (127,95,175) (0,0,0))
((128,64,152) (159,95,175) (0,0,0))
((160,64,152) (191,95,175) (0,0,0))
((192,64,152) (223,95,175) (0,0,0))
((224,64,152) (255,95,175) (0,0,0))
((256,64,152) (287,95,175) (0,0,0))
((288,64,152) (319,95,175) (0,0,0))
((320,64,152) (351,95,175) (0,0,0))
((352,64,152) (383,95,175) (0,0,0))
((384,64,152) (415,95,175) (0,0,0))
((416,64,152) (447,95,175) (0,0,0))
((448,64,152) (479,95,175) (0,0,0))
((480,64,152) (511,95,175) (0,0,0))
((512,64,152) (543,95,175) (0,0,0))
((544,64,152) (575,95,175) (0,0,0))
((576,64,152) (599,95,175) (0,0,0))
((0,96,152) (31,127,175) (0,0,0))
((32,96,152) (63,127,175) (0,0,0))
((64,96,152) (95,127,175) (0,0,0))
((96,96,152) (127,127,175) (0,0,0))
((128,96,152) (159,127,175) (0,0,0))
((160,96,152) (191,127,175) (0,0,0))
((192,96,152) (223,127,175) (0,0,0))
((224,96,152) (255,127,175) (0,0,0))
((256,96,152) (287,127,175) (0,0,0))
((288,96,152) (319,127,175) (0,0,0))
((320,96,152) (351,127,175) (0,0,0))
((352,96,152) (383,127,175) (0,0,0))
((384,96,152) (415,127,175) (0,0,0))
((416,96,152) (447,127,175) (0,0,0))
((448,96,152) (479,127,175) (0,0,0))
((480,96,152) (511,127,175) (0,0,0))
((512,96,152) (543,127,175) (0,0,0))
((544,96,152) (575,127,175) (0,0,0))
((576,96,152) (599,127,175) (0,0,0))
((0,128,152) (31,159,175) (0,0,0))
((32,128,152) (63,159,175) (0,0,0))
((64,128,152) (95,159,175) (0,0,0))
((96,128,152) (127,159,175) (0,0,0))
((128,128,152) (159,159,175) (0,0,0))
((160,128,152) (191,159,175) (0,0,0))
((192,128,152) (223,159,175) (0,0,0))
((224,128,152) (255,159,175) (0,0,0))
((256,128,152) (287,159,175) (0,0,0))
((288,128,152) (319,159,175) (0,0,0))
((320,128,152) (351,159,175) (0,0,0))
((352,128,152) (383,159,175) (0,0,0))
((384,128,152) (415,159,175) (0,0,0))
((416,128,152) (447,159,175) (0,0,0))
((448,128,152) (479,159,175) (0,0,0))
((480,128,152) (511,159,175) (0,0,0))
((512,128,152) (543,159,175) (0,0,0))
((544,128,152) (575,159,175) (0,0,0))
((576,128,152) (599,159,175) (0,0,0))
((0,160,152) (31,191,175) (0,0,0))
((32,160,152) (63,191,175) (0,0,0))
((64,160,152) (95,191,175) (0,0,0))
((96,160,152) (127,191,175) (0,0,0))
((128,160,152) (159,191,175) (0,0,0))
((160,160,152) (191,191,175) (0,0,0))
((192,160,152) (223,191,175) (0,0,0))
((224,160,152) (255,191,175) (0,0,0))
((256,160,152) (287,191,175) (0,0,0))
((288,160,152) (319,191,175) (0,0,0))
((320,160,152) (351,191,175) (0,0,0))
((352,160,152) (383,191,175) (0,0,0))
((384,160,152) (415,191,175) (0,0,0))
((416,160,152) (447,191,175) (0,0,0))
((448,160,152) (479,191,175) (0,0,0))
((480,160,152) (511,191,175) (0,0,0))
((512,160,152) (543,191,175) (0,0,0))
((544,160,152) (575,191,175) (0,0,0))
((576,160,152) (599,191,175) (0,0,0))
((0,192,152) (31,223,175) (0,0,0))
((32,192,152) (63,223,175) (0,0,0))
((64,192,152) (95,223,175) (0,0,0))
((96,192,152) (127,223,175) (0,0,0))
((128,192,152) (159,223,175) (0,0,0))
((160,192,152) (191,223,175) (0,0,0))
((192,192,152) (223,223,175) (0,0,0))
((224,192,152) (255,223,175) (0,0,0))
((256,192,152) (287,223,175) (0,0,0))
((288,192,152) (319,223,175) (0,0,0))
((320,192,152) (351,223,175) (0,0,0))
((352,192,152) (383,223,175) (0,0,0))
((384,192,152) (415,223,175) (0,0,0))
((416,192,152) (447,223,175) (0,0,0))
((448,192,152) (479,223,175) (0,0,0))
((480,192,152) (511,223,175) (0,0,0))
((512,192,152) (543,223,175) (0,0,0))
((544,192,152) (575,223,175) (0,0,0))
((576,192,152) (599,223,175) (0,0,0))
((0,224,152) (31,255,175) (0,0,0))
((32,224,152) (63,255,175) (0,0,0))
((64,224,152) (95,255,175) (0,0,0))
((96,224,152) (127,255,175) (0,0,0))
((128,224,152) (159,255,175) (0,0,0))
((160,224,152) (191,255,175) (0,0,0))
((192,224,152) (223,255,175) (0,0,0))
((224,224,152) (255,255,175) (0,0,0))
((256,224,152) (287,255,175) (0,0,0))
((288,224,152) (319,255,175) (0,0,0))
((320,224,152) (351,255,175) (0,0,0))
((352,224,152) (383,255,175) (0,0,0))
((384,224,152) (415,255,175) (0,0,0))
((416,224,152) (447,255,175) (0,0,0))
((448,224,152) (479,255,175) (0,0,0))
((480,224,152) (511,255,175) (0,0,0))
((512,224,152) (543,255,175) (0,0,0))
((544,224,152) (575,255,175) (0,0,0))
((576,224,152) (599,255,175) (0,0,0))
((0,256,152) (31,287,175) (0,0,0))
((32,256,152) (63,287,175) (0,0,0))
((64,256,152) (95,287,175) (0,0,0))
((96,256,152) (127,287,175) (0,0,0))
((128,256,152) (159,287,175) (0,0,0))
((160,256,152) (191,287,175) (0,0,0))
((192,256,152) (223,287,175) (0,0,0))
((224,256,152) (255,287,175) (0,0,0))
((256,256,152) (287,287,175) (0,0,0))
((288,256,152) (319,287,175) (0,0,0))
((320,256,152) (351,287,175) (0,0,0))
((352,256,152) (383,287,175) (0,0,0))
((384,256,152) (415,287,175) (0,0,0))
((416,256,152) (447,287,175) (0,0,0))
((448,256,152) (479,287,175) (0,0,0))
((480,256,152) (511,287,175) (0,0,0))
((512,256,152) (543,287,175) (0,0,0))
((544,256,152) (575,287,175) (0,0,0))
((576,256,152) (599,287,175) (0,0,0))
((0,288,152) (31,319,175) (0,0,0))
((32,288,152) (63,319,175) (0,0,0))
((64,288,152) (95,319,175) (0,0,0))
((96,288,152) (127,319,175) (0,0,0))
((128,288,152) (159,319,175) (0,0,0))
((160,288,152) (191,319,175) (0,0,0))
((192,288,152) (223,319,175) (0,0,0))
((224,288,152) (255,319,175) (0,0,0))
((256,288,152) (287,319,175) (0,0,0))
((288,288,152) (319,319,175) (0,0,0))
((320,288,152) (351,319,175) (0,0,0))
((352,288,152) (383,319,175) (0,0,0))
((384,288,152) (415,319,175) (0,0,0))
((416,288,152) (447,319,175) (0,0,0))
((448,288,152) (479,319,175) (0,0,0))
((480,288,152) (511,319,175) (0,0,0))
((512,288,152) (543,319,175) (0,0,0))
((544,288,152) (575,319,175) (0,0,0))
((576,288,152) (599,319,175) (0,0,0))
((0,320,152) (31,351,175) (0,0,0))
((32,320,152) (63,351,175) (0,0,0))
((64,320,152) (95,351,175) (0,0,0))
((96,320,152) (127,351,175) (0,0,0))
((128,320,152) (159,351,175) (0,0,0))
((160,320,152) (191,351,175) (0,0,0))
((192,320,152) (223,351,175) (0,0,0))
((224,320,152) (255,351,175) (0,0,0))
((256,320,152) (287,351,175) (0,0,0))
((288,320,152) (319,351,175) (0,0,0))
((320,320,152) (351,351,175) (0,0,0))
((352,320,152) (383,351,175) (0,0,0))
((384,320,152) (415,351,175) (0,0,0))
((416,320,152) (447,351,175) (0,0,0))
((448,320,152) (479,351,175) (0,0,0))
((480,320,152) (511,351,175) (0,0,0))
((512,320,152) (543,351,175) (0,0,0))
((544,320,152) (575,351,175) (0,0,0))
((576,320,152) (599,351,175) (0,0,0))
((0,352,152) (31,383,175) (0,0,0))
((32,352,152) (63,383,175) (0,0,0))
((64,352,152) (95,383,175) (0,0,0))
((96,352,152) (127,383,175) (0,0,0))
((128,352,152) (159,383,175) (0,0,0))
((160,352,152) (191,383,175) (0,0,0))
((192,352,152) (223,383,175) (0,0,0))
((224,352,152) (255,383,175) (0,0,0))
((256,352,152) (287,383,175) (0,0,0))
((288,352,152) (319,383,175) (0,0,0))
((320,352,152) (351,383,175) (0,0,0))
((352,352,152) (383,383,175) (0,0,0))
((384,352,152) (415,383,175) (0,0,0))
((416,352,152) (447,383,175) (0,0,0))
((448,352,152) (479,383,175) (0,0,0))
((480,352,152) (511,383,175) (0,0,0))
((512,352,152) (543,383,175) (0,0,0))
((544,352,152) (575,383,175) (0,0,0))
((576,352,152) (599,383,175) (0,0,0))
((0,384,152) (31,415,175) (0,0,0))
((32,384,152) (63,415,175) (0,0,0))
((64,384,152) (95,415,175) (0,0,0))
((96,384,152) (127,415,175) (0,0,0))
((128,384,152) (159,415,175) (0,0,0))
((160,384,152) (191,415,175) (0,0,0))
((192,384,152) (223,415,175) (0,0,0))
((224,384,152) (255,415,175) (0,0,0))
((256,384,152) (287,415,175) (0,0,0))
((288,384,152) (319,415,175) (0,0,0))
((320,384,152) (351,415,175) (0,0,0))
((352,384,152) (383,415,175) (0,0,0))
((384,384,152) (415,415,175) (0,0,0))
((416,384,152) (447,415,175) (0,0,0))
((448,384,152) (479,415,175) (0,0,0))
((480,384,152) (511,415,175) (0,0,0))
((512,384,152) (543,415,175) (0,0,0))
((544,384,152) (575,415,175) (0,0,0))
((576,384,152) (599,415,175) (0,0,0))
((0,416,152) (31,447,175) (0,0,0))
((32,416,152) (63,447,175) (0,0,0))
((64,416,152) (95,447,175) (0,0,0))
((96,416,152) (127,447,175) (0,0,0))
((128,416,152) (159,447,175) (0,0,0))
((160,416,152) (191,447,175) (0,0,0))
((192,416,152) (223,447,175) (0,0,0))
((224,416,152) (255,447,175) (0,0,0))
((256,416,152) (287,447,175) (0,0,0))
((288,416,152) (319,447,175) (0,0,0))
((320,416,152) (351,447,175) (0,0,0))
((352,416,152) (383,447,175) (0,0,0))
((384,416,152) (415,447,175) (0,0,0))
((416,416,152) (447,447,175) (0,0,0))
((448,416,152) (479,447,175) (0,0,0))
((480,416,152) (511,447,175) (0,0,0))
((512,416,152) (543,447,175) (0,0,0))
((544,416,152) (575,447,175) (0,0,0))
((576,416,152) (599,447,175) (0,0,0))
((0,448,152) (31,479,175) (0,0,0))
((32,448,152) (63,479,175) (0,0,0))
((64,448,152) (95,479,175) (0,0,0))
((96,448,152) (127,479,175) (0,0,0))
((128,448,152) (159,479,175) (0,0,0))
((160,448,152) (191,479,175) (0,0,0))
((192,448,152) (223,479,175) (0,0,0))
((224,448,152) (255,479,175) (0,0,0))
((256,448,152) (287,479,175) (0,0,0))
((288,448,152) (319,479,175) (0,0,0))
((320,448,152) (351,479,175) (0,0,0))
((352,448,152) (383,479,175) (0,0,0))
((384,448,152) (415,479,175) (0,0,0))
((416,448,152) (447,479,175) (0,0,0))
((448,448,152) (479,479,175) (0,0,0))
((480,448,152) (511,479,175) (0,0,0))
((512,448,152) (543,479,175) (0,0,0))
((544,448,152) (575,479,175) (0,0,0))
((576,448,152) (599,479,175) (0,0,0))
((0,480,152) (31,511,175) (0,0,0))
((32,480,152) (63,511,175) (0,0,0))
((64,480,152) (95,511,175) (0,0,0))
((96,480,152) (127,511,175) (0,0,0))
((128,480,152) (159,511,175) (0,0,0))
((160,480,152) (191,511,175) (0,0,0))
((192,480,152) (223,511,175) (0,0,0))
((224,480,152) (255,511,175) (0,0,0))
((256,480,152) (287,511,175) (0,0,0))
((288,480,152) (319,511,175) (0,0,0))
((320,480,152) (351,511,175) (0,0,0))
((352,480,152) (383,511,175) (0,0,0))
((384,480,152) (415,511,175) (0,0,0))
((416,480,152) (447,511,175) (0,0,0))
((448,480,152) (479,511,175) (0,0,0))
((480,480,152) (511,511,175) (0,0,0))
((512,480,152) (543,511,175) (0,0,0))
((544,480,152) (575,511,175) (0,0,0))
((576,480,152) (599,511,175) (0,0,0))
((0,512,152) (31,543,175) (0,0,0))
((32,512,152) (63,543,175) (0,0,0))
((64,512,152) (95,543,175) (0,0,0))
((96,512,152) (127,543,175) (0,0,0))
((128,512,152) (159,543,175) (0,0,0))
((160,512,152) (191,543,175) (0,0,0))
((192,512,152) (223,543,175) (0,0,0))
((224,512,152) (255,543,175) (0,0,0))
((256,512,152) (287,543,175) (0,0,0))
((288,512,152) (319,543,175) (0,0,0))
((320,512,152) (351,543,175) (0,0,0))
((352,512,152) (383,543,175) (0,0,0))
((384,512,152) (415,543,175) (0,0,0))
((416,512,152) (447,543,175) (0,0,0))
((448,512,152) (479,543,175) (0,0,0))
((480,512,152) (511,543,175) (0,0,0))
((512,512,152) (543,543,175) (0,0,0))
((544,512,152) (575,543,175) (0,0,0))
((576,512,152) (599,543,175) (0,0,0))
((0,544,152) (31,575,175) (0,0,0))
((32,544,152) (63,575,175) (0,0,0))
((64,544,152) (95,575,175) (0,0,0))
((96,544,152) (127,575,175) (0,0,0))
((128,544,152) (159,575,175) (0,0,0))
((160,544,152) (191,575,175) (0,0,0))
((192,544,152) (223,575,175) (0,0,0))
((224,544,152) (255,575,175) (0,0,0))
((256,544,152) (287,575,175) (0,0,0))
((288,544,152) (319,575,175) (0,0,0))
((320,544,152) (351,575,175) (0,0,0))
((352,544,152) (383,575,175) (0,0,0))
((384,544,152) (415,575,175) (0,0,0))
((416,544,152) (447,575,175) (0,0,0))
((448,544,152) (479,575,175) (0,0,0))
((480,544,152) (511,575,175) (0,0,0))
((512,544,152) (543,575,175) (0,0,0))
((544,544,152) (575,575,175) (0,0,0))
((576,544,152) (599,575,175) (0,0,0))
((0,576,152) (31,599,175) (0,0,0))
((32,576,152) (63,599,175) (0,0,0))
((64,576,152) (95,599,175) (0,0,0))
((96,576,152) (127,599,175) (0,0,0))
((128,576,152) (159,599,175) (0,0,0))
((160,576,152) (191,599,175) (0,0,0))
((192,576,152) (223,599,175) (0,0,0))
((224,576,152) (255,599,175) (0,0,0))
((256,576,152) (287,599,175) (0,0,0))
((288,576,152) (319,599,175) (0,0,0))
((320,576,152) (351,599,175) (0,0,0))
((352,576,152) (383,599,175) (0,0,0))
((384,576,152) (415,599,175) (0,0,0))
((416,576,152) (447,599,175) (0,0,0))
((448,576,152) (479,599,175) (0,0,0))
((480,576,152) (511,599,175) (0,0,0))
((512,576,152) (543,599,175) (0,0,0))
((544,576,152) (575,599,175) (0,0,0))
((576,576,152) (599,599,175) (0,0,0))
((0,0,176) (31,31,199) (0,0,0))
((32,0,176) (63,31,199) (0,0,0))
((64,0,176) (95,31,199) (0,0,0))
((96,0,176) (127,31,199) (0,0,0))
((128,0,176) (159,31,199) (0,0,0))
((160,0,176) (191,31,199) (0,0,0))
((192,0,176) (223,31,199) (0,0,0))
((224,0,176) (255,31,199) (0,0,0))
((256,0,176) (287,31,199) (0,0,0))
((288,0,176) (319,31,199) (0,0,0))
((320,0,176) (351,31,199) (0,0,0))
((352,0,176) (383,31,199) (0,0,0))
((384,0,176) (415,31,199) (0,0,0))
((416,0,176) (447,31,199) (0,0,0))
((448,0,176) (479,31,199) (0,0,0))
((480,0,176) (511,31,199) (0,0,0))
((512,0,176) (543,31,199) (0,0,0))
((544,0,176) (575,31,199) (0,0,0))
((576,0,176) (599,31,199) (0,0,0))
((0,32,176) (31,63,199) (0,0,0))
((32,32,176) (63,63,199) (0,0,0))
((64,32,176) (95,63,199) (0,0,0))
((96,32,176) (127,63,199) (0,0,0))
((128,32,176) (159,63,199) (0,0,0))
((160,32,176) (191,63,199) (0,0,0))
((192,32,176) (223,63,199) (0,0,0))
((224,32,176) (255,63,199) (0,0,0))
((256,32,176) (287,63,199) (0,0,0))
((288,32,176) (319,63,199) (0,0,0))
((320,32,176) (351,63,199) (0,0,0))
((352,32,176) (383,63,199) (0,0,0))
((384,32,176) (415,63,199) (0,0,0))
((416,32,176) (447,63,199) (0,0,0))
((448,32,176) (479,63,199) (0,0,0))
((480,32,176) (511,63,199) (0,0,0))
((512,32,176) (543,63,199) (0,0,0))
((544,32,176) (575,63,199) (0,0,0))
((576,32,176) (599,63,199) (0,0,0))
((0,64,176) (31,95,199) (0,0,0))
((32,64,176) (63,95,199) (0,0,0))
((64,64,176) (95,95,199) (0,0,0))
((96,64,176) (127,95,199) (0,0,0))
((128,64,176) (159,95,199) (0,0,0))
((160,64,176) (191,95,199) (0,0,0))
((192,64,176) (223,95,199) (0,0,0))
((224,64,176) (255,95,199) (0,0,0))
((256,64,176) (287,95,199) (0,0,0))
((288,64,176) (319,95,199) (0,0,0))
((320,64,176) (351,95,199) (0,0,0))
((352,64,176) (383,95,199) (0,0,0))
((384,64,176) (415,95,199) (0,0,0))
((416,64,176) (447,95,199) (0,0,0))
((448,64,176) (479,95,199) (0,0,0))
((480,64,176) (511,95,199) (0,0,0))
((512,64,176) (543,95,199) (0,0,0))
((544,64,176) (575,95,199) (0,0,0))
((576,64,176) (599,95,199) (0,0,0))
((0,96,176) (31,127,199) (0,0,0))
((32,96,176) (63,127,199) (0,0,0))
((64,96,176) (95,127,199) (0,0,0))
((96,96,176) (127,127,199) (0,0,0))
((128,96,176) (159,127,199) (0,0,0))
((160,96,176) (191,127,199) (0,0,0))
((192,96,176) (223,127,199) (0,0,0))
((224,96,176) (255,127,199) (0,0,0))
((256,96,176) (287,127,199) (0,0,0))
((288,96,176) (319,127,199) (0,0,0))
((320,96,176) (351,127,199) (0,0,0))
((352,96,176) (383,127,199) (0,0,0))
((384,96,176) (415,127,199) (0,0,0))
((416,96,176) (447,127,199) (0,0,0))
((448,96,176) (479,127,199) (0,0,0))
((480,96,176) (511,127,199) (0,0,0))
((512,96,176) (543,127,199) (0,0,0))
((544,96,176) (575,127,199) (0,0,0))
((576,96,176) (599,127,199) (0,0,0))
((0,128,176) (31,159,199) (0,0,0))
((32,128,176) (63,159,199) (0,0,0))
((64,128,176) (95,159,199) (0,0,0))
((96,128,176) (127,159,199) (0,0,0))
((128,128,176) (159,159,199) (0,0,0))
((160,128,176) (191,159,199) (0,0,0))
((192,128,176) (223,159,199) (0,0,0))
((224,128,176) (255,159,199) (0,0,0))
((256,128,176) (287,159,199) (0,0,0))
((288,128,176) (319,159,199) (0,0,0))
((320,128,176) (351,159,199) (0,0,0))
((352,128,176) (383,159,199) (0,0,0))
((384,128,176) (415,159,199) (0,0,0))
((416,128,176) (447,159,199) (0,0,0))
((448,128,176) (479,159,199) (0,0,0))
((480,128,176) (511,159,199) (0,0,0))
((512,128,176) (543,159,199) (0,0,0))
((544,128,176) (575,159,199) (0,0,0))
((576,128,176) (599,159,199) (0,0,0))
((0,160,176) (31,191,199) (0,0,0))
((32,160,176) (63,191,199) (0,0,0))
((64,160,176) (95,191,199) (0,0,0))
((96,160,176) (127,191,199) (0,0,0))
((128,160,176) (159,191,199) (0,0,0))
((160,160,176) (191,191,199) (0,0,0))
((192,160,176) (223,191,199) (0,0,0))
((224,160,176) (255,191,199) (0,0,0))
((256,160,176) (287,191,199) (0,0,0))
((288,160,176) (319,191,199) (0,0,0))
((320,160,176) (351,191,199) (0,0,0))
((352,160,176) (383,191,199) (0,0,0))
((384,160,176) (415,191,199) (0,0,0))
((416,160,176) (447,191,199) (0,0,0))
((448,160,176) (479,191,199) (0,0,0))
((480,160,176) (511,191,199) (0,0,0))
((512,160,176) (543,191,199) (0,0,0))
((544,160,176) (575,191,199) (0,0,0))
((576,160,176) (599,191,199) (0,0,0))
((0,192,176) (31,223,199) (0,0,0))
((32,192,176) (63,223,199) (0,0,0))
((64,192,176) (95,223,199) (0,0,0))
((96,192,176) (127,223,199) (0,0,0))
((128,192,176) (159,223,199) (0,0,0))
((160,192,176) (191,223,199) (0,0,0))
((192,192,176) (223,223,199) (0,0,0))
((224,192,176) (255,223,199) (0,0,0))
((256,192,176) (287,223,199) (0,0,0))
((288,192,176) (319,223,199) (0,0,0))
((320,192,176) (351,223,199) (0,0,0))
((352,192,176) (383,223,199) (0,0,0))
((384,192,176) (415,223,199) (0,0,0))
((416,192,176) (447,223,199) (0,0,0))
((448,192,176) (479,223,199) (0,0,0))
((480,192,176) (511,223,199) (0,0,0))
((512,192,176) (543,223,199) (0,0,0))
((544,192,176) (575,223,199) (0,0,0))
((576,192,176) (599,223,199) (0,0,0))
((0,224,176) (31,255,199) (0,0,0))
((32,224,176) (63,255,199) (0,0,0))
((64,224,176) (95,255,199) (0,0,0))
((96,224,176) (127,255,199) (0,0,0))
((128,224,176) (159,255,199) (0,0,0))
((160,224,176) (191,255,199) (0,0,0))
((192,224,176) (223,255,199) (0,0,0))
((224,224,176) (255,255,199) (0,0,0))
((256,224,176) (287,255,199) (0,0,0))
((288,224,176) (319,255,199) (0,0,0))
((320,224,176) (351,255,199) (0,0,0))
((352,224,176) (383,255,199) (0,0,0))
((384,224,176) (415,255,199) (0,0,0))
((416,224,176) (447,255,199) (0,0,0))
((448,224,176) (479,255,199) (0,0,0))
((480,224,176) (511,255,199) (0,0,0))
((512,224,176) (543,255,199) (0,0,0))
((544,224,176) (575,255,199) (0,0,0))
((576,224,176) (599,255,199) (0,0,0))
((0,256,176) (31,287,199) (0,0,0))
((32,256,176) (63,287,199) (0,0,0))
((64,256,176) (95,287,199) (0,0,0))
((96,256,176) (127,287,199) (0,0,0))
((128,256,176) (159,287,199) (0,0,0))
((160,256,176) (191,287,199) (0,0,0))
((192,256,176) (223,287,199) (0,0,0))
((224,256,176) (255,287,199) (0,0,0))
((256,256,176) (287,287,199) (0,0,0))
((288,256,176) (319,287,199) (0,0,0))
((320,256,176) (351,287,199) (0,0,0))
((352,256,176) (383,287,199) (0,0,0))
((384,256,176) (415,287,199) (0,0,0))
((416,256,176) (447,287,199) (0,0,0))
((448,256,176) (479,287,199) (0,0,0))
((480,256,176) (511,287,199) (0,0,0))
((512,256,176) (543,287,199) (0,0,0))
((544,256,176) (575,287,199) (0,0,0))
((576,256,176) (599,287,199) (0,0,0))
((0,288,176) (31,319,199) (0,0,0))
((32,288,176) (63,319,199) (0,0,0))
((64,288,176) (95,319,199) (0,0,0))
((96,288,176) (127,319,199) (0,0,0))
((128,288,176) (159,319,199) (0,0,0))
((160,288,176) (191,319,199) (0,0,0))
((192,288,176) (223,319,199) (0,0,0))
((224,288,176) (255,319,199) (0,0,0))
((256,288,176) (287,319,199) (0,0,0))
((288,288,176) (319,319,199) (0,0,0))
((320,288,176) (351,319,199) (0,0,0))
((352,288,176) (383,319,199) (0,0,0))
((384,288,176) (415,319,199) (0,0,0))
((416,288,176) (447,319,199) (0,0,0))
((448,288,176) (479,319,199) (0,0,0))
((480,288,176) (511,319,199) (0,0,0))
((512,288,176) (543,319,199) (0,0,0))
((544,288,176) (575,319,199) (0,0,0))
((576,288,176) (599,319,199) (0,0,0))
((0,320,176) (31,351,199) (0,0,0))
((32,320,176) (63,351,199) (0,0,0))
((64,320,176) (95,351,199) (0,0,0))
((96,320,176) (127,351,199) (0,0,0))
((128,320,176) (159,351,199) (0,0,0))
((160,320,176) (191,351,199) (0,0,0))
((192,320,176) (223,351,199) (0,0,0))
((224,320,176) (255,351,199) (0,0,0))
((256,320,176) (287,351,199) (0,0,0))
((288,320,176) (319,351,199) (0,0,0))
((320,320,176) (351,351,199) (0,0,0))
((352,320,176) (383,351,199) (0,0,0))
((384,320,176) (415,351,199) (0,0,0))
((416,320,176) (447,351,199) (0,0,0))
((448,320,176) (479,351,199) (0,0,0))
((480,320,176) (511,351,199) (0,0,0))
((512,320,176) (543,351,199) (0,0,0))
((544,320,176) (575,351,199) (0,0,0))
((576,320,176) (599,351,199) (0,0,0))
((0,352,176) (31,383,199) (0,0,0))
((32,352,176) (63,383,199) (0,0,0))
((64,352,176) (95,383,199) (0,0,0))
((96,352,176) (127,383,199) (0,0,0))
((128,352,176) (159,383,199) (0,0,0))
((160,352,176) (191,383,199) (0,0,0))
((192,352,176) (223,383,199) (0,0,0))
((224,352,176) (255,383,199) (0,0,0))
((256,352,176) (287,383,199) (0,0,0))
((288,352,176) (319,383,199) (0,0,0))
((320,352,176) (351,383,199) (0,0,0))
((352,352,176) (383,383,199) (0,0,0))
((384,352,176) (415,383,199) (0,0,0))
((416,352,176) (447,383,199) (0,0,0))
((448,352,176) (479,383,199) (0,0,0))
((480,352,176) (511,383,199) (0,0,0))
((512,352,176) (543,383,199) (0,0,0))
((544,352,176) (575,383,199) (0,0,0))
((576,352,176) (599,383,199) (0,0,0))
((0,384,176) (31,415,199) (0,0,0))
((32,384,176) (63,415,199) (0,0,0))
((64,384,176) (95,415,199) (0,0,0))
((96,384,176) (127,415,199) (0,0,0))
((128,384,176) (159,415,199) (0,0,0))
((160,384,176) (191,415,199) (0,0,0))
((192,384,176) (223,415,199) (0,0,0))
((224,384,176) (255,415,199) (0,0,0))
((256,384,176) (287,415,199) (0,0,0))
((288,384,176) (319,415,199) (0,0,0))
((320,384,176) (351,415,199) (0,0,0))
((352,384,176) (383,415,199) (0,0,0))
((384,384,176) (415,415,199) (0,0,0))
((416,384,176) (447,415,199) (0,0,0))
((448,384,176) (479,415,199) (0,0,0))
((480,384,176) (511,415,199) (0,0,0))
((512,384,176) (543,415,199) (0,0,0))
((544,384,176) (575,415,199) (0,0,0))
((576,384,176) (599,415,199) (0,0,0))
((0,416,176) (31,447,199) (0,0,0))
((32,416,176) (63,447,199) (0,0,0))
((64,416,176) (95,447,199) (0,0,0))
((96,416,176) (127,447,199) (0,0,0))
((128,416,176) (159,447,199) (0,0,0))
((160,416,176) (191,447,199) (0,0,0))
((192,416,176) (223,447,199) (0,0,0))
((224,416,176) (255,447,199) (0,0,0))
((256,416,176) (287,447,199) (0,0,0))
((288,416,176) (319,447,199) (0,0,0))
((320,416,176) (351,447,199) (0,0,0))
((352,416,176) (383,447,199) (0,0,0))
((384,416,176) (415,447,199) (0,0,0))
((416,416,176) (447,447,199) (0,0,0))
((448,416,176) (479,447,199) (0,0,0))
((480,416,176) (511,447,199) (0,0,0))
((512,416,176) (543,447,199) (0,0,0))
((544,416,176) (575,447,199) (0,0,0))
((576,416,176) (599,447,199) (0,0,0))
((0,448,176) (31,479,199) (0,0,0))
((32,448,176) (63,479,199) (0,0,0))
((64,448,176) (95,479,199) (0,0,0))
((96,448,176) (127,479,199) (0,0,0))
((128,448,176) (159,479,199) (0,0,0))
((160,448,176) (191,479,199) (0,0,0))
((192,448,176) (223,479,199) (0,0,0))
((224,448,176) (255,479,199) (0,0,0))
((256,448,176) (287,479,199) (0,0,0))
((288,448,176) (319,479,199) (0,0,0))
((320,448,176) (351,479,199) (0,0,0))
((352,448,176) (383,479,199) (0,0,0))
((384,448,176) (415,479,199) (0,0,0))
((416,448,176) (447,479,199) (0,0,0))
((448,448,176) (479,479,199) (0,0,0))
((480,448,176) (511,479,199) (0,0,0))
((512,448,176) (543,479,199) (0,0,0))
((544,448,176) (575,479,199) (0,0,0))
((576,448,176) (599,479,199) (0,0,0))
((0,480,176) (31,511,199) (0,0,0))
((32,480,176) (63,511,199) (0,0,0))
((64,480,176) (95,511,199) (0,0,0))
((96,480,176) (127,511,199) (0,0,0))
((128,480,176) (159,511,199) (0,0,0))
((160,480,176) (191,511,199) (0,0,0))
((192,480,176) (223,511,199) (0,0,0))
((224,480,176) (255,511,199) (0,0,0))
((256,480,176) (287,511,199) (0,0,0))
((288,480,176) (319,511,199) (0,0,0))
((320,480,176) (351,511,199) (0,0,0))
((352,480,176) (383,511,199) (0,0,0))
((384,480,176) (415,511,199) (0,0,0))
((416,480,176) (447,511,199) (0,0,0))
((448,480,176) (479,511,199) (0,0,0))
((480,480,176) (511,511,199) (0,0,0))
((512,480,176) (543,511,199) (0,0,0))
((544,480,176) (575,511,199) (0,0,0))
((576,480,176) (599,511,199) (0,0,0))
((0,512,176) (31,543,199) (0,0,0))
((32,512,176) (63,543,199) (0,0,0))
((64,512,176) (95,543,199) (0,0,0))
((96,512,176) (127,543,199) (0,0,0))
((128,512,176) (159,543,199) (0,0,0))
((160,512,176) (191,543,199) (0,0,0))
((192,512,176) (223,543,199) (0,0,0))
((224,512,176) (255,543,199) (0,0,0))
((256,512,176) (287,543,199) (0,0,0))
((288,512,176) (319,543,199) (0,0,0))
((320,512,176) (351,543,199) (0,0,0))
((352,512,176) (383,543,199) (0,0,0))
((384,512,176) (415,543,199) (0,0,0))
((416,512,176) (447,543,199) (0,0,0))
((448,512,176) (479,543,199) (0,0,0))
((480,512,176) (511,543,199) (0,0,0))
((512,512,176) (543,543,199) (0,0,0))
((544,512,176) (575,543,199) (0,0,0))
((576,512,176) (599,543,199) (0,0,0))
((0,544,176) (31,575,199) (0,0,0))
((32,544,176) (63,575,199) (0,0,0))
((64,544,176) (95,575,199) (0,0,0))
((96,544,176) (127,575,199) (0,0,0))
((128,544,176) (159,575,199) (0,0,0))
((160,544,176) (191,575,199) (0,0,0))
((192,544,176) (223,575,199) (0,0,0))
((224,544,176) (255,575,199) (0,0,0))
((256,544,176) (287,575,199) (0,0,0))
((288,544,176) (319,575,199) (0,0,0))
((320,544,176) (351,575,199) (0,0,0))
((352,544,176) (383,575,199) (0,0,0))
((384,544,176) (415,575,199) (0,0,0))
((416,544,176) (447,575,199) (0,0,0))
((448,544,176) (479,575,199) (0,0,0))
((480,544,176) (511,575,199) (0,0,0))
((512,544,176) (543,575,199) (0,0,0))
((544,544,176) (575,575,199) (0,0,0))
((576,544,176) (599,575,199) (0,0,0))
((0,576,176) (31,599,199) (0,0,0))
((32,576,176) (63,599,199) (0,0,0))
((64,576,176) (95,599,199) (0,0,0))
((96,576,176) (127,599,199) (0,0,0))
((128,576,176) (159,599,199) (0,0,0))
((160,576,176) (191,599,199) (0,0,0))
((192,576,176) (223,599,199) (0,0,0))
((224,576,176) (255,599,199) (0,0,0))
((256,576,176) (287,599,199) (0,0,0))
((288,576,176) (319,599,199) (0,0,0))
((320,576,176) (351,599,199) (0,0,0))
((352,576,176) (383,599,199) (0,0,0))
((384,576,176) (415,599,199) (0,0,0))
((416,576,176) (447,599,199) (0,0,0))
((448,576,176) (479,599,199) (0,0,0))
((480,576,176) (511,599,199) (0,0,0))
((512,576,176) (543,599,199) (0,0,0))
((544,576,176) (575,599,199) (0,0,0))
((576,576,176) (599,599,199) (0,0,0))
)
